0; 09; 03:50:00; 13.05.2008; 3GC9,5;
1; -1.73; -2.38; -3.09; 7.1064; 7.0640; -62.5000;
2; 0.18; -0.22; -328.95; 5.5560; 5.4454; -62.5000; 5.0393; 4.9660; -62.5000; 0.388; 0.155; -130.000; 0.0082; 0.0047; -2.7500; 357.50; 0.21; -0.63;
21; 4.6020; 4.5161; 4.4827; 0.380; 0.316; -127.500; 0.0015; -0.0008; -2.7500; 350.62; 0.04; -1.05;
3; -0.59; -2.14; -862.50;
31; -4.81; -5.98; -862.50;
5; 31.00;
0; 09; 04:00:00; 13.05.2008; 3GC9,5;
1; -1.73; -2.38; -3.09; 7.1064; 7.0319; 6.9474;
2; 0.18; -0.13; -0.23; 5.5163; 5.3740; 5.1983; 5.0393; 4.9789; 4.8802; 0.388; 0.231; 0.229; 0.0082; 0.0066; 0.0048; 0.00; 0.00; 0.00;
21; 4.6020; 4.4864; 4.4032; 0.380; 0.337; 0.224; 0.0015; -0.0001; -0.0019; 0.00; 0.00; 0.00;
3; -0.59; -1.45; -1.65;
31; -4.81; -5.70; -6.92;
5; 47.00;
0; 09; 04:10:00; 13.05.2008; 3GC9,5;
1; -1.73; -2.39; -3.09; 6.9871; 6.9190; 6.8281;
2; 0.18; -0.14; -0.23; 5.3175; 5.2387; 5.1188; 4.9200; 4.8449; 4.7610; 0.388; 0.231; 0.229; 0.0082; 0.0066; 0.0048; 0.00; 0.00; 0.00;
21; 4.4430; 4.3407; 4.2840; 0.380; 0.338; 0.224; 0.0015; -0.0001; -0.0019; 0.00; 0.00; 0.00;
3; -0.59; -1.47; -1.65;
31; -4.81; -5.63; -5.87;
5; 31.00;
0; 09; 04:20:00; 13.05.2008; 3GC9,5;
1; -1.73; -2.39; -3.09; 6.8679; 6.7898; 6.6691;
2; 0.18; -0.13; -0.23; 5.1983; 5.0864; 4.9597; 4.8007; 4.7089; 4.6020; 0.388; 0.230; 0.229; 0.0082; 0.0065; 0.0048; 0.00; 0.00; 0.00;
21; 4.3237; 4.2444; 4.1647; 0.380; 0.335; 0.224; 0.0015; -0.0002; -0.0019; 0.00; 0.00; 0.00;
3; -0.59; -1.46; -1.65;
31; -4.81; -5.60; -5.87;
5; 47.00;
0; 09; 04:30:00; 13.05.2008; 3GC9,5;
1; -1.73; -2.39; -3.09; 6.7884; 6.6963; 6.6293;
2; 0.18; -0.14; -0.23; 5.2380; 5.0613; 4.9597; 4.6417; 4.5840; 4.5225; 0.388; 0.230; 0.229; 0.0082; 0.0065; 0.0048; 0.00; 0.00; 0.00;
21; 4.2840; 4.1945; 4.1249; 0.380; 0.335; 0.224; 0.0015; -0.0004; -0.0019; 0.00; 0.00; 0.00;
3; -0.59; -1.47; -1.65;
31; -4.81; -5.66; -5.87;
5; 46.00;
0; 09; 04:40:00; 13.05.2008; 3GC9,5;
1; -1.73; -2.39; -3.09; 6.7884; 6.7019; 6.6293;
2; 0.18; -0.15; -0.63; 5.1983; 5.0900; 4.9597; 4.6417; 4.6035; 4.5622; 0.388; 0.230; 0.229; 0.0082; 0.0065; 0.0048; 0.00; 0.00; 0.00;
21; 4.2840; 4.2445; 4.1647; 0.380; 0.353; 0.224; 0.0015; -0.0003; -0.0019; 0.00; 0.00; 0.00;
3; -0.59; -1.46; -1.65;
31; -4.81; -5.63; -5.87;
5; 47.00;
0; 09; 04:50:00; 13.05.2008; 3GC9,5;
1; -1.73; -2.39; -3.09; 6.6691; 6.6134; 6.5498;
2; 0.18; -0.13; -0.23; 5.1188; 4.9961; 4.8802; 4.6020; 4.5349; 4.4827; 0.388; 0.231; 0.229; 0.0082; 0.0065; 0.0048; 0.00; 0.00; 0.00;
21; 4.2045; 4.1365; 4.0852; 0.536; 0.375; 0.224; 0.0015; -0.0003; -0.0019; 0.00; 0.00; 0.00;
3; -0.59; -1.53; -1.65;
31; -4.81; -5.61; -5.87;
5; 47.00;
0; 09; 05:00:00; 13.05.2008; 3GC9,5;
1; -1.73; -2.39; -3.09; 6.6691; 6.5648; 6.4703;
2; 0.18; -0.12; -0.23; 5.1188; 4.8985; 4.7610; 4.5622; 4.4903; 4.4032; 0.388; 0.243; 0.229; 0.0082; 0.0065; 0.0048; 0.00; 0.00; 0.00;
21; 4.1249; 4.0887; 4.0057; 0.536; 0.465; 0.380; 0.0015; -0.0003; -0.0019; 0.00; 0.00; 0.00;
3; -0.59; -1.50; -1.65;
31; -4.81; -5.56; -6.92;
5; 46.00;
0; 09; 05:10:00; 13.05.2008; 3GC9,5;
1; -1.73; -2.39; -3.09; 6.5101; 6.4303; 6.3511;
2; 0.18; -0.10; -0.23; 4.8802; 4.7633; 4.6815; 4.4430; 4.3608; 4.2840; 0.547; 0.349; 0.229; 0.0082; 0.0066; 0.0048; 0.00; 0.00; 0.00;
21; 4.0454; 4.0103; 3.9262; 1.160; 0.724; 0.536; 0.0015; -0.0001; -0.0019; 0.00; 0.00; 0.00;
3; -0.59; -1.56; -1.65;
31; -4.81; -5.62; -5.87;
5; 47.00;
0; 09; 05:20:00; 13.05.2008; 3GC9,5;
1; -1.73; -2.39; -3.09; 6.4306; 6.3862; 6.3113;
2; 0.18; -0.08; -0.23; 4.8405; 4.7214; 4.5622; 4.3237; 4.2680; 4.2045; 1.342; 0.735; 0.388; 0.0082; 0.0066; 0.0048; 0.01; 0.00; 0.00;
21; 3.9659; 3.8717; 3.7672; 3.967; 2.013; 1.004; 0.0015; -0.0001; -0.0019; 0.01; 0.00; -0.01;
3; -0.59; -1.55; -1.65;
31; -4.81; -5.70; -6.92;
5; 47.00;
0; 09; 05:30:00; 13.05.2008; 3GC9,5;
1; -1.73; -2.39; -3.09; 6.4306; 6.3588; 6.2716;
2; 0.18; -0.05; -0.23; 4.8007; 4.7098; 4.6020; 4.2840; 4.2201; 4.1647; 7.225; 3.200; 1.342; 0.0082; 0.0067; 0.0048; 0.06; 0.02; 0.01;
21; 3.8467; 3.7915; 3.7274; 22.213; 10.024; 3.967; 0.0015; 0.0001; -0.0019; 0.03; 0.00; -0.04;
3; -0.59; -1.55; -1.65;
31; -4.81; -5.70; -6.92;
5; 47.00;
0; 09; 05:40:00; 13.05.2008; 3GC9,5;
1; -1.73; -2.39; -3.09; 6.3511; 6.2823; 6.2318;
2; 0.58; 0.08; -0.23; 4.8802; 4.7036; 4.5225; 4.2840; 4.1965; 4.1249; 47.614; 20.727; 7.225; 0.0082; 0.0068; 0.0048; 0.39; 0.14; 0.03;
21; 3.8467; 3.7494; 3.6877; 110.638; 55.030; 22.213; 0.0015; 0.0003; -0.0019; 0.16; 0.02; -0.21;
3; -0.59; -1.58; -1.65;
31; -4.81; -5.71; -6.92;
5; 31.00;
0; 09; 05:50:00; 13.05.2008; 3GC9,5;
1; -0.38; -1.77; -3.09; 6.3113; 6.2860; 6.2318;
2; 1.79; 0.79; 0.18; 4.8007; 4.7282; 4.6417; 4.2840; 4.2479; 4.2045; 174.821; 101.676; 47.614; 0.0082; 0.0072; 0.0048; 1.43; 0.74; 0.23;
21; 3.9659; 3.8832; 3.8069; 220.896; 177.242; 110.794; 0.0082; 0.0014; -0.0019; 1.81; 0.28; -0.40;
3; -0.59; -1.48; -1.65;
31; -4.81; -5.69; -6.92;
5; 47.00;
0; 09; 06:00:00; 13.05.2008; 3GC9,5;
1; 5.03; 1.91; -1.06; 6.3511; 6.2969; 6.2318;
2; 5.81; 3.38; 1.38; 5.0393; 4.8972; 4.7212; 4.5225; 4.3465; 4.2442; 261.958; 206.940; 133.161; 0.0385; 0.0161; 0.0048; 7.05; 3.32; 0.85;
21; 4.2840; 4.0286; 3.8864; 289.826; 222.795; 134.499; 0.0317; 0.0184; 0.0048; 6.62; 4.06; 1.07;
3; -0.59; -1.44; -1.65;
31; -4.81; -5.66; -5.87;
5; 47.00;
0; 09; 06:10:00; 13.05.2008; 3GC9,5;
1; 10.44; 7.73; 4.36; 6.3113; 6.2657; 6.2318;
2; 10.64; 8.28; 5.41; 5.1188; 5.0424; 4.9597; 4.7212; 4.6126; 4.4827; 342.417; 314.573; 196.128; 0.0687; 0.0224; 0.0183; 15.74; 6.99; 5.36;
21; 4.4827; 4.3776; 4.2442; 339.575; 315.832; 205.457; 0.0990; 0.0205; 0.0149; 23.86; 6.33; 4.87;
3; -0.59; -1.49; -1.65;
31; -4.81; -5.79; -6.92;
5; 47.00;
0; 09; 06:20:00; 13.05.2008; 3GC9,5;
1; 17.21; 12.84; 9.77; 6.3908; 6.3058; 6.2716;
2; 15.47; 12.48; 10.24; 5.0790; 4.9815; 4.8802; 4.7610; 4.7035; 4.6815; 365.950; 347.608; 203.761; 0.1158; 0.0247; 0.0183; 29.82; 8.20; 6.26;
21; 4.4430; 4.3177; 4.2442; 364.371; 339.039; 204.365; 0.1629; 0.0365; 0.0149; 45.47; 11.34; 5.07;
3; -0.59; -1.52; -1.65;
31; 46.88; -5.74; -6.92;
5; 46.00;
0; 09; 06:30:00; 13.05.2008; 3GC9,5;
1; 25.33; 21.15; 17.21; 6.3908; 6.3411; 6.2716;
2; 22.71; 18.77; 15.06; 5.0790; 5.0142; 4.9200; 4.7610; 4.7229; 4.6815; 382.169; 344.563; 164.803; 0.1764; 0.0606; 0.0183; 49.42; 18.91; 4.12;
21; 4.4430; 4.3205; 4.2442; 384.021; 348.096; 163.818; 0.2504; 0.0794; 0.0149; 69.41; 25.74; 3.00;
3; 138.66; -1.18; -10.09;
31; 112.29; -5.13; -19.58;
5; 47.00;
0; 09; 06:40:00; 13.05.2008; 3GC9,5;
1; 33.45; 28.83; 24.65; 6.3908; 6.3559; 6.3113;
2; 29.95; 26.01; 22.71; 5.1983; 5.1018; 5.0393; 4.8405; 4.7928; 4.7212; 390.120; 370.941; 177.842; 0.2369; 0.0750; 0.0183; 68.30; 26.92; 4.26;
21; 4.5225; 4.4584; 4.4032; 392.910; 362.702; 182.064; 0.3547; 0.1138; 0.0149; 113.63; 37.41; 5.65;
3; 199.85; -0.95; -10.09;
31; 136.55; 9.03; -19.58;
5; 47.00;
0; 09; 06:50:00; 13.05.2008; 3GC9,5;
1; 88.92; 62.89; 32.77; 6.9474; 6.5757; 6.3511;
2; 35.58; 32.52; 29.55; 5.7548; 5.4145; 5.1188; 5.2778; 5.0016; 4.8007; 393.618; 352.622; 196.605; 0.2706; 0.1293; 0.0183; 78.31; 41.25; 4.92;
21; 4.8405; 4.6399; 4.4827; 306.045; 305.941; 305.889; 0.3950; 0.3561; 0.3177; 120.89; 108.96; 97.17;
3; 219.90; 21.71; -10.09;
31; 85.91; 74.08; 62.71;
5; 31.00;
0; 09; 07:00:00; 13.05.2008; 3GC9,5;
1; 113.95; 101.95; 88.24; 7.6629; 7.3034; 6.9076;
2; 40.01; 37.65; 35.18; 6.0728; 5.8849; 5.6753; 5.7150; 5.4703; 5.2380; 304.732; 304.586; 304.573; 0.2941; 0.2745; 0.2537; 89.63; 83.61; 77.29;
21; 5.1983; 5.0072; 4.8007; 306.045; 306.003; 305.889; 0.4623; 0.4259; 0.3917; 141.48; 130.33; 119.80;
3; 71.15; 63.26; 56.38;
31; 105.96; 94.79; 84.86;
5; 31.00;
0; 09; 07:10:00; 13.05.2008; 3GC9,5;
1; 143.72; 127.44; 113.95; 8.2592; 7.9359; 7.6629;
2; 46.45; 42.42; 40.01; 6.4306; 6.2132; 6.0331; 6.1523; 5.9114; 5.6753; 304.891; 304.671; 304.573; 0.3412; 0.3136; 0.2941; 103.98; 95.55; 89.58;
21; 5.5560; 5.3531; 5.1983; 345.033; 323.539; 228.693; 0.5228; 0.4610; 0.3883; 166.68; 149.08; 119.57;
3; 86.97; 76.83; 69.04;
31; 126.00; 112.21; 28.95;
5; 46.00;
0; 09; 07:20:00; 13.05.2008; 3GC9,5;
1; 173.49; 157.57; 143.04; 8.6567; 8.4383; 8.2194;
2; 56.10; 52.84; 46.45; 6.9076; 6.6802; 6.4306; 6.6691; 6.3572; 6.1126; 357.046; 311.881; 227.930; 0.4320; 0.3754; 0.3378; 145.82; 117.18; 97.70;
21; 6.1523; 5.8155; 5.5163; 345.189; 323.888; 306.045; 0.6406; 0.5522; 0.4758; 207.50; 178.88; 160.14;
3; 126.00; 101.27; 51.10;
31; 162.93; 140.84; 109.12;
5; 47.00;
0; 09; 07:30:00; 13.05.2008; 3GC9,5;
1; 205.96; 189.02; 172.81; 8.8952; 8.7651; 8.5772;
2; 56.51; 54.48; 52.48; 7.5039; 7.1734; 6.8679; 7.3051; 6.9510; 6.6293; 366.586; 349.132; 330.332; 0.5228; 0.4559; 0.3849; 184.10; 159.22; 138.00;
21; 6.9474; 6.5158; 6.1523; 344.877; 325.181; 308.541; 0.7987; 0.6969; 0.5901; 257.09; 226.63; 199.29;
3; 175.59; 147.53; 110.18;
31; 216.73; 186.66; 152.38;
5; 46.00;
0; 09; 07:40:00; 13.05.2008; 3GC9,5;
1; 239.11; 221.48; 205.28; 9.3325; 9.0945; 8.8555;
2; 93.52; 72.28; 56.10; 8.5772; 7.9481; 7.4641; 8.2592; 7.7027; 7.2654; 370.880; 351.788; 332.876; 0.7381; 0.6054; 0.4858; 257.42; 212.90; 178.88;
21; 7.9412; 7.3612; 6.9076; 424.101; 324.488; 173.331; 1.0711; 0.8948; 0.0183; 348.52; 289.98; 3.17;
3; 256.82; 208.41; 151.32;
31; 291.63; 247.50; -19.58;
5; 46.00;
0; 09; 07:50:00; 13.05.2008; 3GC9,5;
1; 270.90; 254.20; 239.11; 9.9685; 9.5458; 9.2928;
2; 134.16; 115.47; 93.52; 9.9288; 9.1985; 8.5772; 9.6108; 8.8565; 8.2194; 377.558; 355.031; 334.467; 0.9904; 0.8362; 0.6910; 357.12; 297.03; 254.82;
21; 9.5313; 8.6821; 7.9014; 345.189; 323.773; 305.577; 1.3436; 1.1451; 0.9736; 435.50; 370.76; 330.99;
3; 357.04; 303.72; 237.83;
31; 370.76; 324.62; 276.86;
5; 31.00;
0; 09; 08:00:00; 13.05.2008; 3GC9,5;
1; 304.05; 286.13; 270.90; 10.7238; 10.3207; 9.9685;
2; 162.73; 146.19; 133.76; 12.4729; 10.9568; 9.9288; 11.0419; 10.2656; 9.5710; 420.809; 354.761; 244.944; 1.2359; 1.0908; 0.0217; 445.41; 386.83; 9.11;
21; 11.2804; 10.3441; 9.5313; 345.189; 325.334; 308.697; 1.6160; 1.4286; 1.2460; 529.97; 464.84; 417.57;
3; 467.81; 405.65; -9.03;
31; 466.76; 414.08; 366.54;
5; 46.00;
0; 09; 08:10:00; 13.05.2008; 3GC9,5;
1; 336.53; 319.57; 304.05; 11.0816; 10.9713; 10.7238;
2; 198.54; 179.64; 162.73; 14.3811; 13.4492; 12.4729; 12.5922; 11.7895; 11.0419; 379.625; 361.434; 344.325; 1.5454; 1.3590; 1.1283; 561.61; 491.21; 425.64;
21; 13.0692; 12.1393; 11.2804; 434.861; 325.035; 254.737; 2.1912; 1.7562; 0.0183; 750.13; 569.99; 7.91;
3; 583.86; 522.51; 443.55;
31; 569.09; 513.45; -17.47;
5; 46.00;
0; 09; 08:20:00; 13.05.2008; 3GC9,5;
1; 368.32; 352.87; 336.53; 11.4791; 11.2311; 11.0419;
2; 235.55; 216.88; 198.54; 16.2892; 15.1130; 14.3016; 14.5003; 13.4527; 12.5922; 385.509; 363.694; 345.120; 1.8616; 1.6463; 1.3839; 685.24; 598.76; 526.21;
21; 15.2556; 14.0429; 13.0692; 346.125; 325.645; 308.073; 2.3930; 2.1031; 1.8111; 761.22; 684.53; 624.05;
3; 703.07; 641.72; 559.59;
31; 674.59; 621.07; 554.32;
5; 31.00;
0; 09; 08:30:00; 13.05.2008; 3GC9,5;
1; 399.44; 383.63; 366.97; 11.6779; 11.5883; 11.4394;
2; 272.17; 253.11; 234.75; 17.9190; 16.9727; 16.2892; 16.5277; 15.4602; 14.4606; 425.102; 359.742; 249.555; 2.1744; 1.9485; 0.0217; 841.58; 700.13; 9.19;
21; 17.7600; 16.4666; 15.2159; 340.978; 322.805; 305.266; 2.7126; 2.4556; 2.1879; 862.75; 792.58; 726.96;
3; 818.06; 754.06; -9.03;
31; 774.81; 722.08; 668.26;
5; 46.00;
0; 09; 08:40:00; 13.05.2008; 3GC9,5;
1; 432.59; 415.89; 399.44; 12.4332; 11.9870; 11.6381;
2; 312.40; 291.58; 272.17; 21.1390; 19.5288; 17.8793; 18.9526; 17.6029; 16.4879; 379.148; 359.464; 342.258; 2.4973; 2.2594; 1.9322; 904.14; 812.14; 730.14;
21; 20.7812; 19.1226; 17.7600; 340.823; 322.261; 306.825; 3.1129; 2.8106; 2.4469; 1001.71; 905.67; 831.62;
3; 940.44; 877.01; 782.19;
31; 883.47; 827.99; 753.71;
5; 31.00;
0; 09; 08:50:00; 13.05.2008; 3GC9,5;
1; 465.07; 448.24; 432.59; 13.1487; 12.7792; 12.3934;
2; 351.83; 331.35; 312.00; 22.3315; 21.5862; 21.0197; 20.9004; 19.8855; 18.9128; 379.466; 358.582; 339.873; 2.7698; 2.5711; 2.1879; 1032.73; 921.89; 827.09;
21; 23.3253; 22.0182; 20.7812; 435.485; 319.057; 254.269; 3.6275; 3.1928; 0.0183; 1365.85; 1017.11; 7.96;
3; 1058.59; 997.16; 895.07;
31; 992.13; 931.19; -16.42;
5; 31.00;
0; 09; 09:00:00; 13.05.2008; 3GC9,5;
1; 499.57; 481.10; 465.07; 14.0233; 13.4840; 13.1487;
2; 393.27; 371.50; 351.83; 24.9552; 23.4426; 22.1328; 23.0471; 21.8476; 20.8607; 376.763; 356.689; 338.760; 3.1330; 2.8926; 2.5242; 1120.31; 1031.63; 947.82;
21; 26.0683; 24.6029; 23.3253; 337.080; 317.742; 301.523; 3.9100; 3.5742; 3.1835; 1228.97; 1135.30; 1053.99;
3; 1180.97; 1116.97; 1026.94;
31; 1099.74; 1040.80; 978.42;
5; 31.00;
0; 09; 09:10:00; 13.05.2008; 3GC9,5;
1; 530.01; 512.42; 498.89; 14.9376; 14.4595; 13.9835;
2; 431.90; 410.10; 393.27; 28.0956; 26.3998; 24.8359; 25.7105; 24.2481; 23.0073; 422.717; 354.400; 246.375; 3.4862; 3.1721; 0.0217; 1236.98; 1123.23; 9.15;
21; 29.5267; 27.7043; 26.0683; 330.530; 314.543; 298.872; 4.2901; 3.9446; 3.5905; 1345.74; 1240.60; 1150.16;
3; 1285.41; 1214.28; -7.98;
31; 1193.63; 1135.31; 1079.69;
5; 31.00;
0; 09; 09:20:00; 13.05.2008; 3GC9,5;
1; 557.75; 542.65; 529.34; 15.9314; 15.2821; 14.8978;
2; 469.32; 448.90; 431.50; 31.1566; 29.1313; 27.9366; 28.4931; 27.0085; 25.6707; 369.290; 350.862; 333.194; 3.7486; 3.4991; 3.1129; 1301.46; 1227.49; 1146.08;
21; 32.9852; 31.2167; 29.5267; 428.935; 312.341; 251.462; 5.1041; 4.2815; 0.0217; 1741.00; 1335.44; 9.29;
3; 1375.08; 1328.55; 1242.16;
31; 1284.36; 1222.44; -26.97;
5; 31.00;
0; 09; 09:30:00; 13.05.2008; 3GC9,5;
1; 584.81; 570.60; 557.07; 16.5674; 16.1920; 15.9314;
2; 506.33; 486.58; 468.51; 31.4746; 30.1811; 28.7317; 30.7988; 29.6294; 28.4931; 366.109; 348.415; 329.696; 4.0715; 3.7837; 3.3483; 1418.57; 1318.22; 1218.40;
21; 35.6883; 34.2687; 32.9852; 325.695; 307.875; 291.230; 5.0638; 4.6802; 4.2262; 1550.54; 1440.67; 1344.85;
3; 1464.76; 1423.06; 1312.84;
31; 1364.53; 1317.96; 1260.09;
5; 47.00;
0; 09; 09:40:00; 13.05.2008; 3GC9,5;
1; 615.25; 599.63; 584.81; 16.5674; 16.0604; 15.8121;
2; 544.96; 524.32; 505.13; 30.4808; 27.4219; 26.2670; 31.5541; 31.1666; 30.7988; 418.105; 344.740; 243.354; 4.4852; 4.1048; 0.0217; 1720.60; 1413.88; 8.72;
21; 37.0399; 36.3674; 35.6883; 321.017; 304.887; 288.111; 5.5179; 5.0755; 4.5592; 1666.69; 1547.18; 1457.19;
3; 1582.91; 1523.71; -7.98;
31; 1470.03; 1414.43; 1338.16;
5; 31.00;
0; 09; 09:50:00; 13.05.2008; 3GC9,5;
1; 647.05; 629.71; 614.58; 16.2494; 15.9721; 15.7724;
2; 585.60; 563.72; 543.75; 29.8845; 28.0813; 26.6645; 32.4684; 31.9139; 31.5143; 361.180; 343.913; 326.198; 4.7106; 4.4310; 4.0681; 1633.34; 1523.81; 1455.37;
21; 38.5505; 37.5801; 37.0001; 318.054; 302.274; 287.019; 5.9282; 5.4830; 5.0369; 1786.58; 1657.23; 1582.59;
3; 1692.63; 1640.59; 1576.58;
31; 1568.14; 1514.19; 1456.32;
5; 31.00;
0; 09; 10:00:00; 13.05.2008; 3GC9,5;
1; 676.14; 660.65; 646.37; 16.7264; 16.3417; 16.0904;
2; 622.61; 603.24; 584.79; 31.9914; 29.8101; 28.0956; 33.9790; 33.1280; 32.4286; 361.498; 342.672; 322.859; 5.0604; 4.7262; 4.2229; 1729.76; 1619.28; 1496.80;
21; 39.9021; 39.2625; 38.5107; 429.091; 300.668; 254.581; 6.4866; 5.8380; 0.0183; 2453.04; 1751.85; 7.27;
3; 1786.52; 1735.22; 1637.77;
31; 1658.87; 1599.23; -13.25;
5; 47.00;
0; 09; 10:10:00; 13.05.2008; 3GC9,5;
1; 704.55; 689.84; 675.46; 16.6469; 16.4132; 16.2892;
2; 658.83; 639.69; 622.21; 31.1168; 29.7412; 28.6919; 34.6150; 34.0618; 33.8597; 417.310; 341.052; 247.011; 5.5717; 5.0089; 0.0250; 2056.14; 1707.09; 10.35;
21; 41.4127; 40.4904; 39.8623; 314.311; 296.231; 281.717; 6.6884; 6.2826; 5.6793; 1994.15; 1860.91; 1753.44;
3; 1879.36; 1828.03; -6.92;
31; 1729.55; 1689.94; 1618.78;
5; 47.00;
0; 09; 10:20:00; 13.05.2008; 3GC9,5;
1; 736.35; 718.73; 704.55; 16.8855; 16.6973; 16.4482;
2; 694.23; 674.63; 658.02; 32.4286; 30.9901; 29.5665; 36.0063; 35.2950; 34.5753; 357.364; 341.085; 324.131; 5.5683; 5.2492; 4.7812; 1906.98; 1790.29; 1704.50;
21; 43.5195; 42.4632; 41.3729; 309.944; 294.177; 279.845; 7.0214; 6.6060; 6.0998; 2073.03; 1943.13; 1877.52;
3; 1963.75; 1915.66; 1824.50;
31; 1803.40; 1763.41; 1708.45;
5; 31.00;
0; 09; 10:30:00; 13.05.2008; 3GC9,5;
1; 768.15; 749.38; 735.67; 17.4022; 17.0977; 16.7264;
2; 728.03; 708.99; 693.83; 34.9330; 33.0702; 30.7193; 37.8349; 36.9383; 35.9666; 356.092; 338.451; 320.156; 5.8912; 5.5104; 4.9461; 1985.41; 1864.76; 1755.74;
21; 45.3879; 44.3138; 43.5195; 426.908; 292.721; 256.453; 7.7211; 6.8806; 0.0217; 2401.93; 2009.50; 7.34;
3; 2038.66; 1993.52; 1892.02;
31; 1871.97; 1822.15; -25.91;
5; 46.00;
0; 09; 10:40:00; 13.05.2008; 3GC9,5;
1; 788.44; 777.54; 767.47; 17.6805; 17.4917; 17.2830;
2; 756.20; 741.83; 726.82; 35.0125; 33.5940; 30.7193; 38.9480; 38.4865; 37.7952; 354.661; 336.257; 319.202; 6.1200; 5.7683; 5.1950; 2060.35; 1939.35; 1831.24;
21; 46.6600; 45.7370; 45.1494; 306.825; 290.491; 275.011; 7.6706; 7.2317; 6.7389; 2217.21; 2100.60; 1989.51;
3; 2116.73; 2070.76; 1965.86;
31; 1936.33; 1903.55; 1851.93;
5; 46.00;
0; 09; 10:50:00; 13.05.2008; 3GC9,5;
1; 813.47; 798.98; 787.77; 17.6805; 17.4056; 17.2432;
2; 789.19; 768.84; 754.59; 34.9728; 32.3749; 30.5205; 39.0673; 38.8576; 38.6697; 415.720; 334.349; 250.669; 6.4866; 6.0065; 0.0250; 2497.10; 2006.82; 9.96;
21; 47.6538; 47.0362; 46.6202; 305.577; 290.460; 275.947; 7.9734; 7.4566; 6.9676; 2313.37; 2165.74; 2102.54;
3; 2203.23; 2141.85; -6.92;
31; 2003.84; 1961.75; 1913.12;
5; 47.00;
0; 09; 11:00:00; 13.05.2008; 3GC9,5;
1; 842.56; 824.80; 812.80; 17.9190; 17.7009; 17.3625;
2; 820.57; 801.60; 787.98; 37.5567; 35.5493; 33.1044; 40.6574; 39.8125; 38.9083; 350.208; 332.129; 316.021; 6.5909; 6.2624; 5.7466; 2184.83; 2079.76; 1998.80;
21; 49.6414; 48.5867; 47.6140; 423.165; 288.604; 260.507; 8.6124; 7.6971; 0.0217; 3333.61; 2217.02; 7.31;
3; 2265.48; 2218.29; 2142.04;
31; 2054.48; 2006.88; -24.86;
5; 46.00;
0; 09; 11:10:00; 13.05.2008; 3GC9,5;
1; 882.48; 859.23; 842.56; 17.9985; 17.8344; 17.6805;
2; 854.77; 836.04; 819.77; 36.6026; 34.2118; 32.5081; 40.9754; 40.7131; 40.4586; 348.141; 331.863; 316.339; 6.9071; 6.5240; 5.9686; 2316.81; 2164.97; 2067.48;
21; 50.0389; 49.6761; 49.3234; 299.807; 285.181; 271.580; 8.5519; 8.1328; 7.6303; 2460.79; 2319.32; 2249.53;
3; 2355.15; 2305.58; 2210.62;
31; 2139.93; 2098.46; 2043.93;
5; 47.00;
0; 09; 11:20:00; 13.05.2008; 3GC9,5;
1; 889.92; 879.20; 863.54; 18.2768; 18.0140; 17.6805;
2; 875.29; 858.99; 842.70; 39.2263; 37.2191; 34.9330; 42.9630; 41.6818; 40.6574; 411.427; 329.350; 247.965; 7.1963; 6.6632; 0.0250; 2724.46; 2192.82; 9.42;
21; 51.3507; 50.4331; 49.8004; 297.312; 284.592; 271.424; 8.6965; 8.2652; 7.4453; 2483.30; 2352.12; 2099.78;
3; 2368.86; 2334.29; -6.92;
31; 2149.43; 2126.85; 1902.57;
5; 46.00;
0; 09; 11:30:00; 13.05.2008; 3GC9,5;
1; 902.10; 896.10; 889.24; 18.8333; 18.4990; 18.1973;
2; 897.42; 886.46; 872.88; 40.1406; 38.3751; 37.0399; 44.2351; 43.6600; 42.9630; 342.258; 327.173; 310.138; 7.1930; 6.8852; 6.4496; 2362.10; 2252.56; 2164.81;
21; 53.0203; 52.0928; 51.2315; 297.468; 282.400; 267.213; 9.0262; 8.5330; 7.8926; 2545.96; 2409.42; 2336.30;
3; 2424.78; 2395.88; 2338.27;
31; 2206.40; 2177.32; 2123.05;
5; 47.00;
0; 09; 11:40:00; 13.05.2008; 3GC9,5;
1; 954.87; 674.21; 191.08; 19.1911; 18.8779; 18.6346;
2; 947.71; 659.08; 166.35; 42.8437; 38.7842; 31.6336; 45.3481; 44.3361; 41.8102; 341.463; 319.869; 292.647; 7.5663; 5.1113; 1.2427; 2465.12; 1653.71; 392.42;
21; 53.4179; 51.0110; 43.4400; 423.633; 278.336; 251.930; 9.4164; 6.2952; 0.0217; 3690.03; 1766.75; 7.31;
3; 2522.89; 1753.39; 397.13;
31; 2263.37; 1592.34; -23.80;
5; 47.00;
0; 09; 11:50:00; 13.05.2008; 3GC9,5;
1; 1011.02; 881.92; 218.14; 19.1513; 18.9221; 18.5948;
2; 1013.30; 883.69; 196.52; 38.1530; 35.0433; 31.3156; 42.7642; 42.1713; 41.3332; 349.095; 328.995; 300.120; 7.8960; 6.8271; 1.5353; 2635.92; 2254.57; 485.19;
21; 49.8799; 46.8816; 43.1220; 296.688; 282.840; 258.792; 9.6485; 8.4329; 2.5915; 2748.82; 2391.24; 710.29;
3; 2730.72; 2392.14; 504.74;
31; 2436.38; 2158.97; 634.50;
5; 47.00;
0; 09; 12:00:00; 13.05.2008; 3GC9,5;
1; 997.49; 986.66; 976.52; 19.0321; 18.7888; 18.5948;
2; 999.62; 984.93; 976.68; 43.2015; 39.8917; 37.5169; 45.9444; 44.1758; 42.7245; 413.335; 325.825; 250.987; 8.2660; 7.5798; 0.0250; 3122.07; 2467.17; 10.34;
21; 55.8030; 52.8509; 49.8402; 296.844; 281.657; 269.085; 9.7090; 9.2725; 8.7268; 2733.63; 2611.52; 2526.84;
3; 2649.48; 2616.20; -6.92;
31; 2379.41; 2355.75; 2315.06;
5; 46.00;
0; 09; 12:10:00; 13.05.2008; 3GC9,5;
1; 1038.08; 845.75; 215.43; 19.6284; 19.2142; 18.9128;
2; 1045.08; 848.65; 200.95; 45.9047; 40.5681; 32.6671; 47.1768; 46.4031; 44.4736; 343.212; 319.842; 291.693; 8.3635; 6.5304; 1.5656; 2806.63; 2103.33; 481.81;
21; 56.5583; 54.4737; 48.8861; 388.700; 282.767; 226.042; 10.0454; 7.9496; 0.0217; 2792.10; 2234.67; 7.56;
3; 2816.17; 2233.01; 501.57;
31; 2430.05; 2016.50; -28.02;
5; 31.00;
0; 09; 12:20:00; 13.05.2008; 3GC9,5;
1; 1028.61; 1008.89; 996.81; 19.4296; 19.1521; 18.7936;
2; 1035.03; 1015.37; 1004.04; 42.7642; 40.5502; 34.5753; 47.6140; 46.2428; 44.6724; 342.099; 324.358; 306.163; 8.1752; 7.8256; 7.2838; 2686.25; 2538.25; 2450.65;
21; 56.0018; 53.5328; 50.0787; 325.539; 305.824; 290.450; 8.9791; 8.3606; 7.4318; 2714.66; 2555.96; 2391.79;
3; 2781.35; 2692.66; 2612.56;
31; 2374.14; 2305.30; 2168.42;
5; 47.00;
0; 09; 12:30:00; 13.05.2008; 3GC9,5;
1; 1055.67; 1014.89; 991.40; 19.3501; 19.1031; 18.9128;
2; 1055.55; 1019.52; 998.41; 39.9816; 37.5997; 34.9728; 47.6538; 47.2155; 46.5407; 411.586; 322.707; 255.121; 8.6024; 7.8723; 0.0250; 2754.32; 2538.63; 10.29;
21; 56.8366; 56.2034; 55.0080; 311.036; 290.544; 274.543; 10.0689; 9.1586; 7.9532; 2863.28; 2659.78; 2472.48;
3; 2795.07; 2692.55; -6.92;
31; 2490.18; 2397.70; 2247.54;
5; 47.00;
0; 09; 12:40:00; 13.05.2008; 3GC9,5;
1; 1071.23; 714.54; 220.84; 19.1116; 18.9422; 18.7936;
2; 1086.53; 714.23; 204.97; 41.0946; 35.2051; 27.8969; 47.3755; 45.0865; 42.0089; 349.731; 319.930; 287.241; 8.4274; 5.4612; 1.6329; 2792.56; 1780.73; 502.77;
21; 56.2800; 51.3408; 44.5928; 297.000; 272.540; 244.756; 10.5062; 6.9870; 2.5040; 2996.46; 1941.98; 651.54;
3; 2886.85; 1884.90; 523.73;
31; 2627.33; 1748.49; 576.47;
5; 31.00;
0; 09; 12:50:00; 13.05.2008; 3GC9,5;
1; 1085.44; 1040.81; 456.95; 19.7476; 19.2486; 18.9526;
2; 1121.93; 1061.44; 378.79; 45.7854; 40.6332; 36.2051; 47.7333; 45.2381; 43.0823; 348.777; 330.810; 311.569; 8.4106; 7.8824; 3.1936; 2810.41; 2609.70; 998.58;
21; 57.4329; 53.4929; 49.4824; 429.403; 281.309; 261.131; 10.6138; 9.6397; 0.0217; 4280.07; 2704.98; 9.29;
3; 2888.96; 2760.43; 1070.20;
31; 2611.50; 2435.11; -25.91;
5; 31.00;
0; 09; 13:00:00; 13.05.2008; 3GC9,5;
1; 1104.38; 1065.96; 756.65; 20.5427; 20.1808; 19.7476;
2; 1113.08; 1075.00; 702.28; 46.3817; 44.6986; 42.7245; 50.3569; 49.2273; 47.6935; 336.057; 319.995; 299.961; 8.6932; 8.1771; 5.1748; 2808.15; 2616.82; 1552.24;
21; 60.1360; 58.9360; 57.4329; 285.772; 273.156; 261.755; 10.6609; 10.0610; 9.4937; 2908.21; 2748.01; 2625.30;
3; 2857.31; 2768.31; 1667.31;
31; 2522.89; 2473.80; 2368.86;
5; 47.00;
0; 09; 13:10:00; 13.05.2008; 3GC9,5;
1; 1148.35; 1126.74; 1102.35; 20.3439; 20.1114; 19.8669;
2; 1151.71; 1129.57; 1107.85; 47.8525; 43.6232; 40.4188; 52.4638; 51.6269; 50.3569; 405.862; 321.371; 302.824; 8.9219; 8.3977; 0.0250; 3442.25; 2695.78; 10.15;
21; 62.6802; 61.6221; 60.1360; 283.276; 269.210; 255.205; 11.0242; 10.5592; 9.8200; 3015.22; 2842.55; 2756.55;
3; 2869.97; 2845.93; -6.92;
31; 2594.62; 2555.38; 2493.35;
5; 31.00;
0; 09; 13:20:00; 13.05.2008; 3GC9,5;
1; 1141.59; 1061.88; 412.97; 20.1451; 19.9297; 19.3103;
2; 1164.58; 1092.38; 419.43; 41.4922; 38.9818; 32.8261; 52.4638; 51.7524; 49.9992; 335.262; 321.666; 290.898; 8.5586; 8.0485; 3.4223; 2778.03; 2593.86; 1009.69;
21; 62.7199; 62.2431; 60.9708; 414.276; 271.631; 255.049; 11.0242; 10.2771; 0.0217; 3934.66; 2782.43; 8.97;
3; 2867.86; 2739.14; 1079.69;
31; 2597.79; 2501.30; -24.86;
5; 46.00;
0; 09; 13:30:00; 13.05.2008; 3GC9,5;
1; 1081.38; 820.10; 248.58; 19.5489; 19.3069; 19.1116;
2; 1127.97; 846.11; 237.97; 37.7554; 33.9237; 28.2149; 50.0389; 47.3510; 45.9047; 346.869; 312.552; 275.633; 8.5351; 6.5458; 1.9322; 2813.50; 2079.32; 563.61;
21; 61.0503; 56.6338; 52.9408; 289.826; 269.548; 240.390; 10.7517; 8.4724; 2.9615; 3010.85; 2308.64; 757.64;
3; 2868.92; 2200.55; 592.30;
31; 2642.10; 2077.46; 678.81;
5; 47.00;
0; 09; 13:40:00; 13.05.2008; 3GC9,5;
1; 1042.14; 1022.18; 1010.34; 20.3042; 19.6605; 19.3899;
2; 1062.79; 1047.30; 1035.43; 46.3817; 40.3159; 37.0797; 49.1246; 47.5867; 47.0575; 410.632; 319.505; 263.230; 8.6629; 8.0972; 0.0250; 3164.09; 2584.67; 10.27;
21; 59.1820; 57.8827; 56.9161; 288.423; 276.071; 263.938; 10.5331; 9.9269; 9.3020; 2919.71; 2740.44; 2638.62;
3; 2797.18; 2734.90; -5.87;
31; 2512.34; 2466.11; 2408.95;
5; 31.00;
0; 09; 13:50:00; 13.05.2008; 3GC9,5;
1; 1034.70; 1018.28; 999.52; 20.5824; 20.3713; 20.1849;
2; 1076.07; 1048.93; 1028.59; 47.1370; 44.0921; 39.6238; 50.7545; 50.1870; 49.0849; 330.173; 315.134; 297.576; 8.5822; 8.1090; 7.5563; 2735.84; 2555.38; 2458.83;
21; 61.2093; 60.4056; 59.1422; 418.174; 271.679; 257.077; 10.5735; 9.9650; 0.0217; 4271.50; 2699.43; 9.03;
3; 2784.52; 2704.76; 2613.61;
31; 2502.84; 2429.31; -23.80;
5; 47.00;
0; 09; 14:00:00; 13.05.2008; 3GC9,5;
1; 1042.14; 1029.17; 934.57; 20.7414; 20.4974; 20.1054;
2; 1094.17; 1073.96; 952.95; 45.4276; 41.7970; 35.4498; 51.1122; 50.6105; 50.1582; 330.491; 315.899; 293.919; 8.7066; 8.2914; 7.3881; 2802.71; 2619.16; 2276.29;
21; 62.2826; 61.5841; 61.0106; 287.955; 273.182; 260.196; 10.7215; 10.1309; 8.6528; 2925.79; 2767.40; 2332.39;
3; 2815.11; 2768.34; 2434.27;
31; 2525.00; 2488.50; 2109.34;
5; 31.00;
0; 09; 14:10:00; 13.05.2008; 3GC9,5;
1; 1029.96; 1018.92; 1007.64; 20.3837; 20.0727; 19.8271;
2; 1068.02; 1057.56; 1045.89; 41.9294; 37.6018; 34.5355; 50.3967; 49.5568; 49.0451; 407.611; 318.245; 253.849; 8.8748; 8.1931; 0.0250; 3315.26; 2604.97; 10.19;
21; 61.1696; 60.4051; 59.7385; 287.955; 276.305; 264.250; 10.4860; 9.9646; 9.4029; 2905.03; 2753.18; 2658.65;
3; 2789.79; 2752.69; -6.92;
31; 2498.62; 2476.57; 2435.32;
5; 46.00;
0; 09; 14:20:00; 13.05.2008; 3GC9,5;
1; 1036.05; 886.70; 224.90; 20.9799; 20.4763; 19.7476;
2; 1080.89; 918.12; 215.84; 45.1494; 38.9236; 27.4198; 50.7545; 49.9350; 46.4215; 329.855; 312.220; 278.972; 8.6831; 7.1320; 1.7237; 2786.39; 2244.51; 507.44;
21; 61.8454; 60.4852; 53.2589; 285.304; 267.780; 239.298; 10.5264; 8.8160; 2.7429; 2857.70; 2380.05; 690.58;
3; 2852.04; 2372.63; 530.06;
31; 2540.82; 2142.28; 616.56;
5; 31.00;
0; 09; 14:30:00; 13.05.2008; 3GC9,5;
1; 1019.81; 611.70; 153.19; 19.7874; 19.4650; 18.9923;
2; 1059.97; 630.16; 147.03; 33.3032; 28.4911; 21.9738; 46.4215; 43.3714; 37.2387; 335.580; 312.274; 283.266; 8.5788; 5.0155; 1.1687; 2788.38; 1594.90; 351.34;
21; 54.4912; 50.3106; 40.0611; 429.871; 269.545; 240.702; 10.7686; 6.2845; 0.0217; 4301.96; 1716.02; 7.51;
3; 2857.31; 1681.08; 353.88;
31; 2548.21; 1539.06; -24.86;
5; 31.00;
0; 09; 14:40:00; 13.05.2008; 3GC9,5;
1; 1002.90; 968.29; 688.32; 19.5091; 19.0768; 18.8731;
2; 1045.89; 1013.07; 715.56; 36.0063; 31.5727; 22.6098; 41.4127; 39.0243; 36.9604; 358.795; 333.879; 312.682; 8.4745; 7.8574; 5.9888; 2908.56; 2623.82; 1872.59;
21; 51.6688; 46.7199; 40.1008; 296.532; 283.987; 270.956; 10.3111; 9.5990; 7.9969; 2945.01; 2726.07; 2226.67;
3; 2868.92; 2773.00; 2001.73;
31; 2553.48; 2454.33; 2012.28;
5; 47.00;
0; 09; 14:50:00; 13.05.2008; 3GC9,5;
1; 977.87; 943.52; 751.91; 20.1451; 19.8792; 19.5091;
2; 1022.95; 989.76; 764.64; 37.8747; 36.5731; 34.8138; 44.0363; 42.8717; 41.4127; 415.561; 325.699; 261.799; 8.4342; 7.6981; 0.0250; 3267.29; 2505.13; 10.39;
21; 55.1670; 53.7642; 51.6688; 293.257; 280.069; 266.901; 10.0285; 9.4262; 7.2905; 2823.65; 2640.16; 1974.28;
3; 2760.25; 2651.99; -6.92;
31; 2461.70; 2379.14; 1790.74;
5; 47.00;
0; 09; 15:00:00; 13.05.2008; 3GC9,5;
1; 953.51; 847.30; 210.69; 20.2644; 20.0689; 19.9066;
2; 1006.06; 893.22; 218.25; 39.0275; 36.2771; 30.5603; 45.0301; 44.2278; 43.2413; 339.873; 322.073; 287.718; 7.9633; 6.9998; 1.7102; 2582.41; 2263.38; 518.19;
21; 56.1608; 54.8526; 51.8278; 421.761; 279.964; 259.728; 9.9041; 8.5475; 0.0217; 3519.06; 2400.51; 7.31;
3; 2686.41; 2398.77; 543.77;
31; 2426.89; 2164.52; -23.80;
5; 31.00;
0; 09; 15:10:00; 13.05.2008; 3GC9,5;
1; 913.60; 885.95; 549.63; 20.3837; 20.0313; 19.7874;
2; 958.58; 925.79; 529.27; 39.2660; 36.4531; 33.2237; 45.2686; 44.3665; 43.3208; 339.873; 323.038; 304.573; 7.5764; 7.2672; 4.2565; 2483.57; 2347.89; 1347.85;
21; 55.3260; 54.3537; 52.7818; 292.789; 279.886; 266.590; 9.4904; 8.9736; 5.6524; 2660.04; 2511.86; 1506.88;
3; 2602.01; 2492.40; 1455.26;
31; 2353.04; 2267.06; 1370.86;
5; 31.00;
0; 09; 15:20:00; 13.05.2008; 3GC9,5;
1; 919.69; 897.49; 887.22; 20.3439; 20.1089; 19.9066;
2; 951.74; 926.27; 917.14; 39.1865; 36.3562; 33.3827; 45.5469; 45.1254; 44.8314; 409.678; 324.277; 253.849; 7.8354; 7.2157; 0.0250; 2772.02; 2337.63; 10.24;
21; 55.4055; 54.9487; 54.4514; 292.478; 280.505; 267.993; 9.4029; 8.9491; 8.3434; 2642.84; 2510.14; 2337.09;
3; 2545.04; 2481.91; -6.92;
31; 2292.90; 2265.42; 2111.45;
5; 47.00;
0; 09; 15:30:00; 13.05.2008; 3GC9,5;
1; 947.43; 517.91; 225.58; 20.4632; 20.1365; 19.7476;
2; 973.06; 526.66; 224.69; 37.3579; 31.0332; 27.3006; 45.5867; 42.5606; 39.9021; 344.325; 320.220; 294.555; 7.8388; 4.1243; 1.7439; 2607.60; 1337.65; 539.73;
21; 54.9285; 49.5823; 45.6662; 301.523; 277.978; 258.480; 9.1675; 5.6631; 2.7395; 2617.41; 1589.09; 749.42;
3; 2681.13; 1422.07; 564.87;
31; 2359.37; 1435.90; 673.53;
5; 46.00;
0; 09; 15:40:00; 13.05.2008; 3GC9,5;
1; 922.39; 555.53; 249.93; 20.0656; 19.8729; 19.6681;
2; 949.32; 566.79; 241.59; 34.4162; 29.5580; 25.6707; 39.9021; 37.7802; 36.3244; 359.908; 334.242; 307.912; 7.2670; 4.3502; 1.7842; 2592.44; 1474.36; 601.01;
21; 46.5407; 42.9639; 40.0213; 404.295; 310.084; 235.555; 8.0137; 5.0842; 0.0217; 2536.29; 1589.25; 8.07;
3; 2666.36; 1563.98; 632.39;
31; 2247.54; 1432.09; -29.08;
5; 31.00;
0; 09; 15:50:00; 13.05.2008; 3GC9,5;
1; 868.27; 833.59; 750.56; 20.7017; 20.2493; 19.9464;
2; 893.80; 857.18; 761.43; 41.8897; 37.6980; 34.2572; 43.1220; 40.9299; 38.7890; 357.364; 334.997; 316.657; 7.1257; 6.5432; 5.4304; 2417.30; 2192.31; 1884.51;
21; 52.6626; 49.8928; 46.5407; 326.943; 303.878; 282.497; 8.0507; 7.4532; 6.6615; 2456.15; 2264.79; 2005.28;
3; 2471.19; 2331.70; 2011.23;
31; 2156.81; 2046.96; 1815.00;
5; 46.00;
0; 09; 16:00:00; 13.05.2008; 3GC9,5;
1; 863.54; 741.36; 268.88; 21.2185; 20.8239; 20.2644;
2; 881.73; 757.30; 264.12; 41.5319; 37.6169; 28.3341; 44.5928; 43.9626; 42.4065; 407.611; 321.431; 248.601; 7.0719; 5.9675; 0.0250; 2608.72; 1922.35; 10.19;
21; 53.8551; 53.0744; 49.1246; 304.954; 287.514; 270.021; 8.4443; 7.2185; 3.1835; 2428.93; 2082.08; 875.50;
3; 2396.29; 2047.56; -6.92;
31; 2118.83; 1883.47; 787.47;
5; 47.00;
0; 09; 16:10:00; 13.05.2008; 3GC9,5;
1; 870.30; 701.98; 264.82; 20.4234; 20.2812; 20.1451;
2; 890.58; 714.98; 261.71; 36.4436; 31.7998; 26.9428; 42.3667; 40.6987; 40.0213; 342.258; 324.868; 313.318; 7.2603; 5.6967; 2.0937; 2394.83; 1859.90; 658.65;
21; 49.9594; 48.1919; 46.6202; 430.027; 293.898; 258.636; 8.0440; 6.7414; 0.0217; 3421.93; 1987.74; 7.45;
3; 2487.02; 1981.38; 696.74;
31; 2153.65; 1797.44; -25.91;
5; 31.00;
0; 09; 16:20:00; 13.05.2008; 3GC9,5;
1; 821.59; 775.44; 739.73; 20.8209; 20.4809; 20.2247;
2; 831.84; 787.83; 750.56; 38.5902; 36.8370; 34.8138; 42.6052; 41.8142; 40.9754; 344.802; 328.623; 312.205; 6.7860; 6.1960; 5.4607; 2238.12; 2036.18; 1873.31;
21; 51.1917; 50.7608; 49.9594; 308.385; 290.548; 275.167; 8.1584; 7.4416; 6.8398; 2360.69; 2162.32; 2052.87;
3; 2303.45; 2171.91; 2010.17;
31; 2061.87; 1958.06; 1876.19;
5; 47.00;
0; 09; 16:30:00; 13.05.2008; 3GC9,5;
1; 740.41; 717.58; 643.67; 21.1390; 20.7843; 20.6619;
2; 751.77; 725.30; 645.15; 39.6636; 36.4871; 35.4101; 42.6450; 42.5111; 42.3270; 408.406; 326.414; 245.421; 6.2209; 5.7350; 0.0250; 2081.04; 1870.67; 10.21;
21; 50.8340; 50.4671; 50.0787; 305.733; 288.973; 273.451; 7.5058; 7.0204; 6.3588; 2170.70; 2028.60; 1820.11;
3; 2072.42; 1999.09; -6.92;
31; 1899.40; 1839.44; 1651.48;
5; 46.00;
0; 09; 16:40:00; 13.05.2008; 3GC9,5;
1; 718.76; 693.05; 663.96; 21.7352; 21.4216; 21.1390;
2; 719.18; 693.01; 664.46; 41.6512; 38.9070; 36.2846; 43.3208; 43.0900; 42.6052; 346.710; 328.983; 309.979; 5.7937; 5.4272; 4.9191; 1878.84; 1785.50; 1635.61;
21; 50.5159; 50.0659; 49.5619; 417.083; 287.842; 249.747; 7.2199; 6.7049; 0.0217; 2710.05; 1927.39; 7.11;
3; 1975.36; 1910.53; 1811.84;
31; 1812.89; 1749.06; -21.69;
5; 47.00;
0; 09; 16:50:00; 13.05.2008; 3GC9,5;
1; 668.70; 657.97; 645.02; 21.3775; 21.2742; 20.9799;
2; 671.30; 656.60; 638.31; 38.9878; 36.2029; 33.1044; 43.2810; 42.7614; 41.6114; 344.325; 326.312; 309.502; 5.4910; 5.2370; 4.8653; 1823.50; 1708.77; 1659.91;
21; 49.6016; 49.0520; 47.8525; 303.706; 284.824; 268.929; 6.9037; 6.5330; 5.9888; 1964.77; 1860.42; 1753.51;
3; 1860.37; 1830.48; 1780.19;
31; 1719.00; 1689.76; 1631.44;
5; 47.00;
0; 09; 17:00:00; 13.05.2008; 3GC9,5;
1; 645.02; 632.58; 618.64; 21.1787; 20.7816; 20.5029;
2; 638.71; 625.59; 606.12; 34.6150; 31.7021; 30.0435; 41.6512; 40.3053; 38.8288; 412.063; 330.816; 243.354; 5.2353; 4.9911; 0.0250; 2013.14; 1650.00; 10.30;
21; 47.8525; 46.4443; 44.9904; 307.605; 291.685; 275.167; 6.4967; 6.1422; 5.7231; 1912.54; 1791.49; 1690.99;
3; 1794.96; 1766.30; -6.92;
31; 1650.43; 1625.45; 1536.49;
5; 46.00;
0; 09; 17:10:00; 13.05.2008; 3GC9,5;
1; 619.99; 484.88; 168.75; 20.6619; 20.3833; 20.1451;
2; 606.52; 469.84; 167.96; 30.9180; 28.0379; 24.3589; 38.8685; 36.5518; 34.5753; 358.477; 338.891; 317.134; 4.9158; 3.6873; 1.0543; 1698.13; 1252.16; 371.07;
21; 45.0301; 41.3527; 39.1865; 313.375; 294.061; 272.516; 6.1233; 4.6186; 2.0264; 1782.73; 1360.34; 590.46;
3; 1734.83; 1337.15; 378.14;
31; 1573.42; 1231.52; 520.56;
5; 47.00;
0; 09; 17:20:00; 13.05.2008; 3GC9,5;
1; 584.81; 363.63; 170.10; 20.5824; 20.3853; 20.2247;
2; 561.46; 348.44; 168.36; 29.2484; 27.5004; 25.3130; 34.6150; 32.7918; 31.7131; 358.318; 338.175; 316.975; 4.6332; 2.7595; 1.1552; 1572.50; 935.97; 405.30;
21; 39.2263; 35.9397; 33.8200; 410.221; 309.344; 239.142; 5.4237; 3.5279; 0.0183; 1627.32; 1095.01; 6.76;
3; 1637.77; 994.56; 410.84;
31; 1466.87; 987.26; -28.02;
5; 31.00;
0; 09; 17:30:00; 13.05.2008; 3GC9,5;
1; 565.87; 544.66; 519.19; 20.9004; 20.6856; 20.3439;
2; 530.07; 504.37; 474.95; 32.3889; 31.1610; 29.0497; 34.2970; 33.4815; 32.5876; 359.749; 342.460; 323.813; 4.3541; 3.9769; 3.4190; 1499.48; 1361.87; 1223.99;
21; 39.4250; 38.3819; 36.8411; 323.980; 304.553; 286.551; 5.2521; 4.8579; 4.4651; 1617.22; 1479.78; 1381.13;
3; 1549.15; 1460.80; 1317.06;
31; 1408.84; 1343.89; 1266.42;
5; 31.00;
0; 09; 17:40:00; 13.05.2008; 3GC9,5;
1; 519.86; 511.26; 498.22; 21.3377; 21.0638; 20.8209;
2; 476.16; 464.24; 442.36; 34.5355; 32.4095; 29.6062; 35.0920; 34.7540; 34.2970; 409.996; 337.684; 240.810; 4.0278; 3.6760; 0.0250; 1424.12; 1240.41; 10.25;
21; 40.0611; 39.6719; 39.3455; 318.677; 301.798; 284.836; 4.8956; 4.5104; 4.1522; 1467.74; 1361.13; 1299.00;
3; 1372.97; 1330.81; -7.98;
31; 1273.81; 1235.69; 1188.35;
5; 31.00;
0; 09; 17:50:00; 13.05.2008; 3GC9,5;
1; 500.92; 474.66; 455.60; 20.9799; 20.7508; 20.5029;
2; 443.97; 417.52; 398.50; 29.7255; 28.8910; 27.7776; 34.8535; 34.2053; 33.6609; 358.000; 339.970; 321.269; 3.6611; 3.3117; 2.9110; 1242.57; 1125.76; 1029.27;
21; 39.4648; 38.4404; 37.6362; 419.890; 301.157; 243.509; 4.5424; 4.1219; 0.0183; 1671.00; 1239.73; 6.43;
3; 1283.30; 1206.74; 1113.45;
31; 1194.68; 1124.33; -28.02;
5; 46.00;
0; 09; 18:00:00; 13.05.2008; 3GC9,5;
1; 455.60; 433.90; 412.97; 20.9799; 20.6275; 20.4632;
2; 398.50; 375.71; 352.23; 28.6919; 26.6467; 25.6707; 33.7007; 32.4763; 31.3553; 361.816; 343.938; 323.813; 3.2609; 2.9657; 2.5545; 1121.13; 1019.80; 920.60;
21; 37.6362; 36.1775; 34.6945; 324.604; 304.822; 285.148; 4.0850; 3.7228; 3.2979; 1237.44; 1134.34; 1053.01;
3; 1154.60; 1091.66; 984.75;
31; 1080.75; 1034.78; 961.54;
5; 31.00;
0; 09; 18:10:00; 13.05.2008; 3GC9,5;
1; 412.97; 383.44; 358.85; 20.8209; 20.6893; 20.5824;
2; 352.23; 320.76; 293.49; 27.8174; 26.9324; 25.5515; 31.3951; 30.8069; 30.0435; 408.565; 345.072; 238.266; 2.8236; 2.5062; 0.0217; 980.15; 864.42; 7.65;
21; 34.7343; 33.8551; 32.6274; 325.851; 309.719; 292.789; 3.5232; 3.1830; 2.7899; 1073.52; 985.57; 905.47;
3; 1022.72; 922.00; -7.98;
31; 983.69; 895.63; 811.73;
5; 31.00;
0; 09; 18:20:00; 13.05.2008; 3GC9,5;
1; 358.85; 340.87; 323.67; 20.7414; 20.6569; 20.5824;
2; 293.49; 273.71; 254.06; 26.4658; 25.8034; 24.9154; 30.0435; 29.4926; 28.6919; 365.473; 346.435; 328.265; 2.3796; 2.1318; 1.8347; 826.54; 738.57; 661.23;
21; 32.6671; 31.9467; 30.7988; 328.502; 311.494; 295.753; 3.0086; 2.7198; 2.4199; 947.44; 847.12; 766.84;
3; 845.49; 783.74; 699.91;
31; 815.95; 766.31; 692.52;
5; 46.00;
0; 09; 18:30:00; 13.05.2008; 3GC9,5;
1; 323.67; 305.45; 287.14; 20.6619; 20.4796; 20.3439;
2; 254.46; 234.29; 213.02; 25.2334; 24.4163; 23.8024; 28.6919; 27.9322; 27.1416; 361.498; 343.710; 324.290; 2.0567; 1.8404; 1.5319; 713.67; 632.50; 552.82;
21; 30.7988; 29.6829; 28.6522; 418.954; 310.408; 243.353; 2.8572; 2.3506; 0.0217; 1038.08; 728.51; 9.00;
3; 728.39; 666.83; 574.36;
31; 708.34; 655.92; -29.08;
5; 46.00;
0; 09; 18:40:00; 13.05.2008; 3GC9,5;
1; 287.14; 273.98; 256.70; 20.4632; 20.3049; 20.0656;
2; 213.42; 196.86; 177.61; 23.8819; 23.1667; 22.2520; 27.1416; 26.3856; 25.5515; 360.703; 342.500; 324.131; 1.6968; 1.5432; 1.2998; 576.84; 528.53; 468.00;
21; 28.6919; 27.7254; 26.7440; 328.034; 311.299; 293.257; 2.2114; 2.0024; 1.7439; 689.55; 623.30; 557.67;
3; 602.85; 551.64; 478.36;
31; 601.79; 558.87; 488.91;
5; 31.00;
0; 09; 18:50:00; 13.05.2008; 3GC9,5;
1; 257.37; 243.90; 231.67; 20.3439; 20.2103; 20.0259;
2; 178.02; 162.36; 146.63; 22.8483; 22.6349; 22.2520; 25.5912; 25.0608; 24.4384; 403.477; 340.219; 196.128; 1.4512; 1.2612; 0.0217; 529.68; 428.55; 8.72;
21; 26.7440; 26.0332; 25.1142; 328.970; 312.329; 292.633; 1.8986; 1.6653; 1.4647; 588.75; 519.97; 468.59;
3; 493.13; 440.01; -9.03;
31; 511.07; 462.59; 412.95;
5; 46.00;
0; 09; 19:00:00; 13.05.2008; 3GC9,5;
1; 232.34; 213.53; 194.46; 20.3042; 20.0854; 19.7079;
2; 146.63; 128.52; 110.42; 22.4508; 21.6297; 20.5427; 24.4782; 23.8198; 22.9278; 362.611; 342.059; 322.064; 1.1317; 0.9785; 0.7684; 387.18; 334.82; 271.78;
21; 25.1539; 24.2797; 23.1663; 408.817; 316.981; 183.623; 1.5723; 1.3093; 0.0183; 526.27; 414.40; 3.98;
3; 390.80; 334.63; 257.87;
31; 422.45; 362.38; -30.13;
5; 47.00;
0; 09; 19:10:00; 13.05.2008; 3GC9,5;
1; 194.46; 179.50; 164.69; 19.7476; 19.6293; 19.5091;
2; 110.42; 96.93; 83.46; 20.7812; 20.4079; 20.0656; 22.9676; 22.2689; 21.5762; 360.226; 341.421; 323.177; 0.8357; 0.7212; 0.5531; 285.08; 246.21; 198.45;
21; 23.2061; 22.2699; 21.3377; 338.171; 318.301; 302.770; 1.1249; 1.0012; 0.8525; 359.95; 318.75; 278.32;
3; 278.97; 234.70; 178.75;
31; 313.79; 271.35; 232.56;
5; 31.00;
0; 09; 19:20:00; 13.05.2008; 3GC9,5;
1; 141.01; 139.56; 138.31; 19.4296; 19.4129; 19.3501;
2; 63.75; 62.78; 61.74; 19.5489; 19.4776; 19.4296; 20.6222; 20.5447; 20.5029; 354.502; 339.314; 322.382; 0.4825; 0.4458; 0.3950; 163.52; 151.24; 139.53;
21; 20.0259; 19.9423; 19.8669; 335.364; 316.976; 302.926; 0.7213; 0.6744; 0.6103; 228.36; 213.73; 204.10;
3; 134.44; 127.04; 105.96;
31; 181.92; 174.92; 154.49;
5; 31.00;
0; 09; 19:30:00; 13.05.2008; 3GC9,5;
1; 138.31; 124.95; 110.57; 19.4296; 19.3575; 19.2308;
2; 61.74; 53.22; 45.24; 19.4694; 19.2363; 18.9128; 20.5029; 20.0415; 19.5489; 355.774; 337.772; 322.223; 0.4455; 0.3710; 0.3076; 150.63; 125.35; 103.60;
21; 19.9066; 19.3081; 18.7141; 390.103; 314.960; 217.153; 0.6776; 0.5810; 0.0183; 212.64; 182.88; 3.97;
3; 123.89; 106.72; 83.80;
31; 249.43; 141.77; -19.58;
5; 47.00;
0; 09; 19:40:00; 13.05.2008; 3GC9,5;
1; 111.25; 97.74; 83.51; 19.2706; 19.1248; 18.9923;
2; 45.24; 39.68; 34.38; 18.9526; 18.6715; 18.4358; 19.5886; 19.1281; 18.6743; 337.011; 336.784; 336.693; 0.3076; 0.2611; 0.2201; 103.65; 87.92; 74.11;
21; 18.7141; 18.2494; 17.7600; 312.751; 297.613; 277.506; 0.5464; 0.4762; 0.4118; 160.70; 141.63; 123.22;
3; 85.91; 64.28; 41.61;
31; 124.95; 102.99; 88.02;
5; 47.00;
0; 09; 19:50:00; 13.05.2008; 3GC9,5;
1; 84.19; 73.31; 61.86; 19.0321; 19.0068; 18.9526;
2; 34.78; 32.33; 28.74; 18.4755; 18.2245; 17.9985; 18.6743; 18.3692; 18.0383; 375.491; 355.852; 183.408; 0.2773; 0.0815; 0.0183; 76.91; 26.35; 6.80;
21; 17.7998; 17.3611; 16.9252; 299.339; 299.260; 299.183; 0.4152; 0.3782; 0.3311; 124.29; 113.17; 99.06;
3; 54.27; 10.92; -10.09;
31; 89.08; 75.83; 63.76;
5; 47.00;
0; 09; 20:00:00; 13.05.2008; 3GC9,5;
1; 61.86; 43.00; 23.97; 18.9923; 18.8775; 18.6743;
2; 29.15; 25.51; 21.50; 18.0780; 17.8636; 17.6010; 18.0780; 17.8390; 17.5612; 371.516; 357.397; 175.934; 0.2336; 0.0628; 0.0183; 67.36; 21.68; 6.36;
21; 16.9650; 16.6278; 16.2494; 370.453; 315.963; 299.027; 0.3345; 0.2309; 0.0149; 100.12; 69.35; 5.48;
3; 81.69; -0.42; -10.09;
31; 65.87; 39.40; -5.87;
5; 47.00;
0; 09; 20:10:00; 13.05.2008; 3GC9,5;
1; 23.97; 19.93; 15.18; 18.7141; 18.5187; 18.2768;
2; 21.90; 18.30; 14.66; 17.6408; 17.3218; 16.9252; 17.6010; 17.2371; 16.8060; 363.724; 340.336; 163.531; 0.1730; 0.0548; 0.0183; 48.52; 17.42; 5.74;
21; 16.2892; 15.9486; 15.5736; 367.490; 347.012; 168.652; 0.2739; 0.0655; 0.0149; 76.47; 21.70; 3.09;
3; 126.00; -0.62; -10.09;
31; 132.33; -4.68; -19.58;
5; 47.00;
0; 09; 20:20:00; 13.05.2008; 3GC9,5;
1; 15.86; 12.60; 9.09; 18.3165; 18.1635; 17.9985;
2; 15.06; 11.85; 8.22; 16.9650; 16.6817; 16.4879; 16.8457; 16.4938; 16.1302; 351.481; 337.250; 203.602; 0.1091; 0.0238; 0.0183; 27.11; 7.74; 5.55;
21; 15.6134; 15.2787; 14.9773; 352.207; 330.406; 177.229; 0.1865; 0.0404; 0.0149; 47.20; 12.39; 4.90;
3; -0.59; -0.77; -1.65;
31; 159.76; -5.27; -34.35;
5; 32.00;
0; 09; 20:30:00; 13.05.2008; 3GC9,5;
1; 9.09; 6.01; 2.33; 17.9985; 17.8493; 17.6805;
2; 8.63; 5.98; 3.40; 16.6072; 16.1805; 15.7326; 16.1699; 15.8421; 15.4941; 326.198; 292.597; 196.764; 0.0654; 0.0227; 0.0183; 14.52; 6.60; 5.04;
21; 14.9773; 14.6707; 14.3016; 328.346; 306.404; 203.273; 0.1024; 0.0212; 0.0149; 24.04; 6.29; 4.57;
3; -0.59; -0.81; -1.65;
31; -4.81; -5.47; -5.87;
5; 47.00;
0; 09; 20:40:00; 13.05.2008; 3GC9,5;
1; 3.00; -0.08; -2.41; 17.7203; 17.4674; 17.0047;
2; 3.40; 1.66; 0.18; 15.8121; 15.2501; 14.7388; 15.5339; 15.1469; 14.6991; 228.884; 206.870; 133.956; 0.0385; 0.0150; 0.0048; 6.42; 2.99; 0.88;
21; 14.3413; 13.9056; 13.4668; 282.653; 227.389; 134.655; 0.0317; 0.0197; 0.0048; 6.48; 4.45; 1.10;
3; -0.59; -0.88; -1.65;
31; -4.81; -5.46; -5.87;
5; 47.00;
0; 09; 20:50:00; 13.05.2008; 3GC9,5;
1; -1.73; -2.17; -2.41; 17.0445; 16.6124; 16.1302;
2; 0.58; -0.52; -1.43; 14.7388; 14.3613; 14.0630; 14.7388; 14.3201; 13.9040; 182.135; 124.562; 65.900; 0.0082; 0.0068; 0.0048; 1.49; 0.85; 0.32;
21; 13.5065; 13.1525; 12.8705; 227.602; 200.122; 143.700; 0.0082; 0.0008; -0.0019; 1.87; 0.20; -0.42;
3; -0.59; -0.85; -1.65;
31; -4.81; -5.52; -5.87;
5; 47.00;
0; 09; 21:00:00; 13.05.2008; 3GC9,5;
1; -1.73; -2.18; -2.41; 16.1699; 15.8750; 15.6134;
2; -1.03; -1.25; -1.84; 14.1028; 13.7390; 13.3872; 13.9438; 13.5911; 13.1885; 65.741; 34.768; 12.472; 0.0082; 0.0067; 0.0048; 0.54; 0.23; 0.06;
21; 12.9102; 12.6042; 12.2742; 143.388; 88.384; 40.148; 0.0015; -0.0008; -0.0019; 0.21; -0.08; -0.27;
3; -0.59; -1.05; -1.65;
31; -4.81; -5.64; -5.87;
5; 47.00;
0; 09; 21:10:00; 13.05.2008; 3GC9,5;
1; -1.73; -2.20; -2.41; 15.6531; 15.4111; 15.1761;
2; -1.03; -1.37; -1.84; 13.4270; 13.2474; 13.0692; 13.2282; 12.9690; 12.7115; 12.472; 5.995; 2.137; 0.0082; 0.0068; 0.0048; 0.10; 0.04; 0.01;
21; 12.3139; 12.0621; 11.8369; 40.148; 20.925; 7.866; 0.0015; -0.0007; -0.0019; 0.06; -0.02; -0.08;
3; -0.59; -1.19; -1.65;
31; -4.81; -5.70; -6.92;
5; 47.00;
0; 09; 21:20:00; 13.05.2008; 3GC9,5;
1; -1.73; -2.20; -2.41; 15.2159; 14.9780; 14.7786;
2; -1.03; -1.29; -1.84; 13.1090; 12.8520; 12.6320; 12.7512; 12.4978; 12.2742; 2.296; 1.311; 0.706; 0.0082; 0.0068; 0.0048; 0.02; 0.01; 0.00;
21; 11.8767; 11.6318; 11.3996; 7.866; 4.383; 2.096; 0.0015; -0.0006; -0.0019; 0.01; 0.00; -0.01;
3; -0.59; -1.21; -1.65;
31; -4.81; -5.70; -6.92;
5; 47.00;
0; 09; 21:30:00; 13.05.2008; 3GC9,5;
1; -1.73; -2.22; -2.41; 14.8183; 14.6531; 14.4606;
2; -0.63; -1.19; -1.43; 12.7115; 12.6169; 12.5127; 12.2742; 12.1290; 11.9959; 0.706; 0.580; 0.388; 0.0082; 0.0069; 0.0048; 0.01; 0.00; 0.00;
21; 11.4394; 11.3616; 11.2804; 2.252; 1.610; 1.160; 0.0015; -0.0005; -0.0019; 0.00; 0.00; 0.00;
3; -0.59; -1.13; -1.65;
31; -4.81; -5.67; -5.87;
5; 47.00;
0; 09; 21:40:00; 13.05.2008; 3GC9,5;
1; -1.73; -2.22; -2.41; 14.5003; 14.3234; 14.0630;
2; -1.03; -1.09; -1.43; 12.5922; 12.4433; 12.2344; 12.0357; 11.9015; 11.7574; 0.547; 0.417; 0.388; 0.0082; 0.0071; 0.0048; 0.00; 0.00; 0.00;
21; 11.3201; 11.2341; 11.1214; 1.316; 1.043; 0.848; 0.0015; -0.0003; -0.0019; 0.00; 0.00; 0.00;
3; -0.59; -1.13; -1.65;
31; -4.81; -5.79; -6.92;
5; 32.00;
0; 09; 21:50:00; 13.05.2008; 3GC9,5;
1; -1.73; -2.23; -2.41; 14.1028; 13.8994; 13.7053;
2; -0.63; -1.05; -1.43; 12.2742; 12.0905; 11.9164; 11.7972; 11.6381; 11.4791; 0.547; 0.390; 0.229; 0.0082; 0.0071; 0.0048; 0.00; 0.00; 0.00;
21; 11.1611; 10.9827; 10.8033; 1.004; 0.845; 0.692; 0.0015; -0.0003; -0.0019; 0.00; 0.00; 0.00;
3; -0.59; -1.03; -1.65;
31; -4.81; -5.76; -6.92;
5; 47.00;
0; 09; 22:00:00; 13.05.2008; 3GC9,5;
1; -1.73; -2.22; -2.41; 13.7450; 13.6052; 13.4270;
2; -0.63; -1.02; -1.43; 11.9562; 11.7389; 11.5189; 11.5189; 11.3302; 11.1611; 0.547; 0.388; 0.229; 0.0082; 0.0071; 0.0048; 0.00; 0.00; 0.00;
21; 10.8033; 10.6198; 10.4456; 0.848; 0.770; 0.692; 0.0015; -0.0004; -0.0019; 0.00; 0.00; 0.00;
3; -0.59; -0.90; -1.65;
31; -4.81; -5.64; -6.92;
5; 47.00;
0; 09; 22:10:00; 13.05.2008; 3GC9,5;
1; -1.73; -2.24; -2.41; 13.4668; 13.3479; 13.1885;
2; -0.63; -1.00; -1.43; 11.5984; 11.4942; 11.3201; 11.1611; 11.0352; 10.8828; 0.547; 0.387; 0.229; 0.0082; 0.0070; 0.0048; 0.00; 0.00; 0.00;
21; 10.4853; 10.3452; 10.1673; 0.848; 0.716; 0.692; 0.0015; -0.0003; -0.0019; 0.00; 0.00; 0.00;
3; -0.59; -1.00; -2.70;
31; -4.81; -5.67; -6.92;
5; 47.00;
0; 09; 22:20:00; 13.05.2008; 3GC9,5;
1; -1.73; -2.24; -2.41; 13.2282; 13.0361; 12.8307;
2; -0.63; -0.95; -1.03; 11.3599; 11.0705; 10.8431; 10.9226; 10.7183; 10.5251; 0.388; 0.386; 0.229; 0.0082; 0.0071; 0.0048; 0.00; 0.00; 0.00;
21; 10.2071; 9.9746; 9.7300; 0.848; 0.695; 0.536; 0.0015; -0.0003; -0.0019; 0.00; 0.00; 0.00;
3; -0.59; -0.97; -1.65;
31; -4.81; -5.61; -6.92;
5; 32.00;
0; 09; 22:30:00; 13.05.2008; 3GC9,5;
1; -1.73; -2.26; -2.41; 12.8705; 12.7791; 12.7115;
2; -0.63; -0.90; -1.03; 10.9226; 10.7939; 10.6841; 10.5251; 10.3717; 10.2468; 0.388; 0.384; 0.229; 0.0082; 0.0069; 0.0048; 0.00; 0.00; 0.00;
21; 9.7698; 9.5728; 9.4518; 0.692; 0.690; 0.536; 0.0015; -0.0005; -0.0019; 0.00; 0.00; 0.00;
3; -0.59; -0.95; -1.65;
31; -4.81; -5.61; -6.92;
5; 32.00;
0; 09; 22:40:00; 13.05.2008; 3GC9,5;
1; -1.73; -2.26; -2.41; 12.7512; 12.6584; 12.5127;
2; -0.63; -0.84; -1.03; 10.8828; 10.7474; 10.5251; 10.2866; 10.1833; 10.0480; 0.388; 0.383; 0.229; 0.0082; 0.0070; 0.0048; 0.00; 0.00; 0.00;
21; 9.4915; 9.4218; 9.2530; 0.692; 0.681; 0.536; 0.0015; -0.0003; -0.0019; 0.00; 0.00; 0.00;
3; -0.59; -0.92; -1.65;
31; -4.81; -5.49; -5.87;
5; 47.00;
0; 09; 22:50:00; 13.05.2008; 3GC9,5;
1; -1.73; -2.26; -2.41; 12.5524; 12.3700; 12.2344;
2; -0.63; -0.78; -1.03; 10.5648; 10.4177; 10.2866; 10.0878; 9.9325; 9.7698; 0.388; 0.379; 0.229; 0.0082; 0.0070; 0.0048; 0.00; 0.00; 0.00;
21; 9.2928; 9.1265; 8.9747; 0.692; 0.666; 0.536; 0.0015; -0.0004; -0.0019; 0.00; 0.00; 0.00;
3; -0.59; -0.87; -1.65;
31; -4.81; -5.57; -5.87;
5; 47.00;
0; 09; 23:00:00; 13.05.2008; 3GC9,5;
1; -1.73; -2.27; -3.09; 12.2742; 12.1271; 11.9562;
2; -0.63; -0.73; -1.03; 10.3263; 10.0904; 9.9288; 9.8095; 9.6468; 9.4915; 0.388; 0.379; 0.229; 0.0082; 0.0069; 0.0048; 0.00; 0.00; 0.00;
21; 9.0145; 8.8464; 8.7362; 0.692; 0.637; 0.536; 0.0015; -0.0005; -0.0019; 0.00; 0.00; 0.00;
3; -0.59; -0.90; -1.65;
31; -4.81; -5.50; -6.92;
5; 47.00;
