0; 09; 03:50:00; 14.03.2008; 3GC9,5;
1; 4.36; -2.51; -8.50; 4.3635; 4.0032; -62.5000;
2; 3.80; 0.19; -328.95; 2.7734; 2.3031; -62.5000; 0.9448; 0.4742; -62.5000; 0.865; 0.151; -130.000; 0.0250; 0.0048; -2.7500; 357.50; 0.21; -0.63;
21; -0.1683; -0.5283; -0.9634; 1.316; 0.288; -127.500; 0.0149; -0.0004; -2.7500; 350.62; 0.04; -0.62;
3; 4.68; -1.92; -862.50;
31; 0.46; -5.38; -862.50;
5; 47.00;
0; 09; 04:00:00; 14.03.2008; 3GC9,5;
1; 3.68; -2.50; -10.53; 4.3635; 3.9931; 3.5287;
2; 4.60; 0.28; -5.46; 2.7336; 2.2143; 1.6603; 0.9050; 0.4822; -0.1286; 1.024; 0.231; -0.725; 0.0250; 0.0069; -0.0120; 0.01; 0.00; -0.01;
21; 0.1100; -0.4891; -1.0429; 1.004; 0.315; -0.711; 0.0149; 0.0006; -0.0187; 0.01; 0.00; -0.01;
3; 5.74; -1.18; -9.03;
31; 0.46; -5.06; -13.25;
5; 47.00;
0; 09; 04:10:00; 14.03.2008; 3GC9,5;
1; 4.36; -2.54; -9.17; 4.5622; 4.0906; 3.6479;
2; 4.60; 0.27; -5.46; 3.1311; 2.5968; 1.8988; 1.2230; 0.6451; 0.1497; 1.183; 0.224; -0.725; 0.0250; 0.0066; -0.0153; 0.01; 0.00; -0.01;
21; 0.3087; -0.1272; -0.6453; 1.316; 0.319; -0.555; 0.0183; 0.0006; -0.0221; 0.01; 0.00; -0.02;
3; 4.68; -1.23; -7.98;
31; 0.46; -5.05; -12.20;
5; 47.00;
0; 09; 04:20:00; 14.03.2008; 3GC9,5;
1; 3.68; -2.54; -11.88; 4.5225; 4.0613; 3.5287;
2; 5.00; 0.29; -5.46; 2.8926; 2.2291; 1.7398; 1.0243; 0.6204; 0.1100; 1.024; 0.226; -0.407; 0.0250; 0.0069; -0.0153; 0.01; 0.00; -0.01;
21; 0.1497; -0.2827; -0.7646; 1.004; 0.302; -0.711; 0.0217; 0.0005; -0.0187; 0.01; 0.00; -0.01;
3; 4.68; -1.19; -9.03;
31; 0.46; -5.02; -12.20;
5; 47.00;
0; 09; 04:30:00; 14.03.2008; 3GC9,5;
1; 5.03; -2.55; -11.20; 4.3635; 3.9997; 3.3697;
2; 5.00; 0.30; -5.05; 2.8529; 2.2722; 1.7001; 0.8653; 0.4767; 0.0305; 1.024; 0.228; -0.884; 0.0250; 0.0068; -0.0120; 0.01; 0.00; -0.01;
21; 0.0702; -0.3916; -0.8441; 1.160; 0.310; -0.555; 0.0183; 0.0004; -0.0187; 0.01; 0.00; -0.01;
3; 4.68; -1.21; -9.03;
31; -0.59; -5.02; -11.14;
5; 32.00;
0; 09; 04:40:00; 14.03.2008; 3GC9,5;
1; 4.36; -2.49; -10.53; 4.4430; 4.0329; 3.5684;
2; 4.60; 0.29; -4.25; 3.0516; 2.5377; 1.9783; 1.0640; 0.6027; 0.1895; 1.024; 0.223; -1.043; 0.0250; 0.0067; -0.0120; 0.01; 0.00; -0.01;
21; 0.3485; -0.1456; -0.6851; 1.160; 0.326; -0.555; 0.0183; 0.0004; -0.0187; 0.01; 0.00; -0.01;
3; 4.68; -1.21; -9.03;
31; 0.46; -5.03; -14.31;
5; 31.00;
0; 09; 04:50:00; 14.03.2008; 3GC9,5;
1; 5.71; -2.52; -11.88; 4.4032; 4.0062; 3.5287;
2; 5.41; 0.29; -5.46; 3.0516; 2.4963; 1.9386; 1.0640; 0.6653; 0.1100; 1.024; 0.223; -0.725; 0.0250; 0.0067; -0.0187; 0.01; 0.00; -0.01;
21; 0.1895; -0.3007; -0.8441; 1.160; 0.310; -0.555; 0.0183; 0.0006; -0.0153; 0.01; 0.00; -0.01;
3; 5.74; -1.21; -7.98;
31; 0.46; -5.07; -12.20;
5; 47.00;
0; 09; 05:00:00; 14.03.2008; 3GC9,5;
1; 4.36; -2.56; -13.23; 4.4827; 4.0715; 3.3299;
2; 4.60; 0.22; -5.05; 3.4492; 2.8742; 2.1373; 1.3025; 0.8561; 0.2690; 1.024; 0.224; -0.725; 0.0250; 0.0068; -0.0153; 0.02; 0.00; -0.01;
21; 0.0305; -0.3925; -0.8441; 1.160; 0.313; -0.711; 0.0183; 0.0006; -0.0187; 0.01; 0.00; -0.01;
3; 4.68; -1.18; -7.98;
31; 0.46; -5.05; -13.25;
5; 32.00;
0; 09; 05:10:00; 14.03.2008; 3GC9,5;
1; 5.03; -2.57; -11.20; 4.5225; 4.1221; 3.6082;
2; 3.80; 0.25; -4.25; 3.4094; 2.6714; 1.7001; 1.4615; 0.9885; 0.3087; 0.865; 0.222; -0.566; 0.0250; 0.0068; -0.0187; 0.02; 0.00; -0.01;
21; 0.1895; -0.2511; -0.7248; 1.160; 0.301; -0.867; 0.0217; 0.0005; -0.0221; 0.01; 0.00; -0.01;
3; 4.68; -1.21; -10.09;
31; 1.52; -5.02; -12.20;
5; 47.00;
0; 09; 05:20:00; 14.03.2008; 3GC9,5;
1; 4.36; -2.55; -11.20; 4.4430; 3.9352; 3.3697;
2; 4.60; 0.28; -3.44; 2.4951; 1.9878; 1.3820; 1.1435; 0.6317; -0.0490; 1.024; 0.222; -0.566; 0.0217; 0.0067; -0.0120; 0.01; 0.00; -0.01;
21; -0.0888; -0.5754; -1.0429; 1.160; 0.308; -0.555; 0.0183; 0.0003; -0.0187; 0.01; 0.00; -0.01;
3; 4.68; -1.36; -7.98;
31; 1.52; -5.08; -13.25;
5; 32.00;
0; 09; 05:30:00; 14.03.2008; 3GC9,5;
1; 4.36; -2.54; -9.85; 4.3237; 3.8757; 3.2901;
2; 5.00; 0.27; -4.25; 2.7734; 2.0836; 1.4615; 0.9050; 0.4601; -0.0490; 1.024; 0.230; -0.566; 0.0284; 0.0067; -0.0120; 0.01; 0.00; -0.01;
21; 0.0305; -0.4633; -0.9634; 1.160; 0.316; -0.711; 0.0183; 0.0003; -0.0187; 0.01; 0.00; -0.01;
3; 5.74; -1.35; -7.98;
31; 0.46; -5.12; -12.20;
5; 47.00;
0; 09; 05:40:00; 14.03.2008; 3GC9,5;
1; 5.71; -2.52; -10.53; 4.3635; 3.9863; 3.3697;
2; 4.20; 0.29; -5.86; 2.9324; 2.3775; 1.6206; 1.0640; 0.6029; 0.0305; 0.865; 0.238; -0.725; 0.0250; 0.0066; -0.0120; 0.01; 0.00; -0.01;
21; 0.2690; -0.1794; -0.6851; 1.160; 0.390; -0.399; 0.0183; 0.0004; -0.0153; 0.01; 0.00; -0.01;
3; 4.68; -1.26; -7.98;
31; 0.46; -5.17; -14.31;
5; 47.00;
0; 09; 05:50:00; 14.03.2008; 3GC9,5;
1; 5.03; -2.56; -9.17; 4.4430; 4.0048; 3.4889;
2; 4.20; 0.28; -5.05; 2.8131; 2.3248; 1.7398; 1.2628; 0.6793; 0.0305; 1.183; 0.306; -0.566; 0.0250; 0.0068; -0.0120; 0.02; 0.00; -0.01;
21; 0.5075; -0.0588; -0.6056; 1.628; 0.664; -0.244; 0.0149; 0.0002; -0.0187; 0.01; 0.00; -0.02;
3; 3.63; -1.37; -9.03;
31; 1.52; -5.18; -12.20;
5; 31.00;
0; 09; 06:00:00; 14.03.2008; 3GC9,5;
1; 3.68; -2.56; -9.85; 4.4032; 4.0096; 3.4094;
2; 4.60; 0.28; -4.65; 2.9721; 2.3544; 1.5808; 1.1435; 0.7039; 0.2292; 2.455; 0.871; -0.248; 0.0250; 0.0068; -0.0086; 0.03; 0.01; -0.02;
21; 0.3087; -0.1580; -0.6851; 5.683; 2.462; 0.224; 0.0183; 0.0003; -0.0187; 0.08; 0.00; -0.07;
3; 3.63; -1.33; -6.92;
31; 0.46; -5.23; -12.20;
5; 32.00;
0; 09; 06:10:00; 14.03.2008; 3GC9,5;
1; 4.36; -2.58; -9.85; 4.5225; 4.0030; 3.4889;
2; 5.00; 0.32; -5.46; 2.9721; 2.3183; 1.7398; 1.1435; 0.6975; 0.1497; 15.335; 5.748; 1.342; 0.0250; 0.0067; -0.0221; 0.26; 0.04; -0.19;
21; 0.0702; -0.3517; -1.0031; 42.799; 17.261; 5.059; 0.0183; 0.0005; -0.0187; 0.45; 0.01; -0.57;
3; 5.74; -1.32; -9.03;
31; -0.59; -5.21; -12.20;
5; 47.00;
0; 09; 06:20:00; 14.03.2008; 3GC9,5;
1; 5.71; -2.53; -11.88; 4.2840; 3.8781; 3.4889;
2; 5.41; 0.67; -4.25; 2.6144; 2.1229; 1.5013; 0.8255; 0.4634; -0.0888; 111.376; 52.085; 15.017; 0.0217; 0.0070; -0.0187; 2.03; 0.36; -0.95;
21; -0.2081; -0.7106; -1.2416; 201.246; 110.703; 42.487; 0.0183; 0.0008; -0.0187; 3.42; 0.10; -2.47;
3; 4.68; -1.47; -10.09;
31; 1.52; -5.25; -13.25;
5; 47.00;
0; 09; 06:30:00; 14.03.2008; 3GC9,5;
1; 7.74; -1.79; -11.88; 4.4032; 3.7936; 3.3299;
2; 9.03; 2.67; -2.64; 2.5746; 2.1148; 1.6603; 0.7858; 0.3832; -0.1683; 264.025; 176.717; 111.694; 0.0418; 0.0119; -0.0120; 8.75; 2.29; -2.03;
21; -0.5261; -0.9728; -1.6391; 278.754; 214.874; 134.031; 0.0385; 0.0117; -0.0153; 9.67; 2.50; -3.26;
3; 5.74; -1.36; -7.98;
31; 0.46; -5.27; -14.31;
5; 47.00;
0; 09; 06:40:00; 14.03.2008; 3GC9,5;
1; 13.83; 3.69; -5.79; 4.1647; 3.6647; 3.0119;
2; 16.27; 9.39; 2.99; 2.4951; 1.6364; 0.7460; 0.7460; 0.2075; -0.2876; 364.678; 324.705; 202.966; 0.0822; 0.0227; 0.0015; 19.32; 7.29; 0.51;
21; -0.5261; -1.1163; -1.6391; 356.886; 322.680; 202.493; 0.0990; 0.0198; -0.0053; 25.09; 6.27; -1.71;
3; 5.74; -1.20; -7.98;
31; 1.52; -5.26; -13.25;
5; 47.00;
0; 09; 06:50:00; 14.03.2008; 3GC9,5;
1; 23.97; 11.74; 1.65; 3.9262; 3.4361; 2.8529;
2; 27.54; 18.24; 10.64; 1.4218; 0.9543; 0.3485; 0.3882; -0.1214; -0.6851; 392.346; 357.427; 171.800; 0.1831; 0.0507; -0.0053; 55.45; 16.62; -2.03;
21; -0.7248; -1.1813; -1.6391; 388.700; 361.049; 162.882; 0.2100; 0.0377; -0.0019; 59.18; 12.45; -0.72;
3; 64.82; -0.97; -12.20;
31; 116.51; -4.96; -19.58;
5; 47.00;
0; 09; 07:00:00; 14.03.2008; 3GC9,5;
1; 32.09; 22.36; 12.47; 3.8069; 3.3802; 2.8926;
2; 35.18; 27.99; 20.70; 1.9783; 1.2395; 0.3882; 0.4280; -0.0858; -0.6851; 399.819; 388.580; 174.185; 0.2235; 0.0477; 0.0015; 68.93; 17.77; 0.58;
21; -0.2478; -0.7890; -1.4404; 400.396; 372.453; 163.506; 0.3479; 0.0944; -0.0053; 97.96; 31.94; -2.10;
3; 58.49; -0.74; -13.25;
31; 161.87; 4.91; -20.64;
5; 47.00;
0; 09; 07:10:00; 14.03.2008; 3GC9,5;
1; 65.92; 36.26; 21.95; 4.0057; 3.5672; 3.0516;
2; 73.00; 41.74; 27.54; 2.6939; 1.9514; 1.1833; 1.0243; 0.3357; -0.2478; 404.272; 367.991; 163.531; 0.5094; 0.1772; 0.0015; 176.04; 59.70; 0.59;
21; 0.7858; -0.2192; -0.9634; 349.088; 308.641; 232.436; 0.6069; 0.3999; 0.2907; 187.00; 123.25; 90.12;
3; 176.64; 40.69; -15.36;
31; 148.16; 88.03; 56.38;
5; 47.00;
0; 09; 07:20:00; 14.03.2008; 3GC9,5;
1; 112.60; 84.03; 54.42; 4.8405; 4.1174; 3.3697;
2; 103.18; 81.33; 58.92; 4.5622; 3.4406; 2.4554; 2.4554; 1.3628; 0.3882; 378.035; 354.811; 327.629; 0.7448; 0.5845; 0.4152; 268.30; 207.62; 147.19;
21; 2.5746; 1.2997; 0.1895; 335.208; 315.053; 294.973; 0.8558; 0.6995; 0.5498; 271.94; 220.59; 172.62;
3; 271.59; 201.61; 131.28;
31; 234.67; 181.47; 134.44;
5; 47.00;
0; 09; 07:30:00; 14.03.2008; 3GC9,5;
1; 141.69; 121.89; 103.13; 5.3175; 4.7439; 4.1647;
2; 134.96; 114.48; 97.95; 5.8343; 4.8673; 3.8069; 3.8467; 2.7896; 1.7398; 384.395; 361.622; 341.304; 1.0274; 0.8354; 0.6877; 373.11; 302.00; 259.60;
21; 4.4032; 3.1544; 1.9386; 345.033; 323.744; 302.614; 1.1182; 0.9560; 0.8088; 365.64; 309.70; 264.33;
3; 373.92; 308.38; 245.21;
31; 322.23; 266.84; 211.46;
5; 47.00;
0; 09; 07:40:00; 14.03.2008; 3GC9,5;
1; 182.96; 158.26; 134.25; 6.0728; 5.3751; 4.5225;
2; 183.25; 155.83; 130.14; 7.5437; 6.4694; 5.2380; 5.9536; 4.5250; 3.1311; 390.120; 368.781; 348.459; 1.3436; 1.1472; 0.9668; 501.51; 423.32; 353.96;
21; 6.7884; 5.3382; 4.0454; 350.647; 332.029; 313.375; 1.5588; 1.2869; 1.0644; 520.66; 427.43; 361.64;
3; 531.11; 444.68; 366.54;
31; 449.88; 378.65; 308.51;
5; 47.00;
0; 09; 07:50:00; 14.03.2008; 3GC9,5;
1; 230.99; 201.61; 173.49; 6.8281; 6.1137; 5.4368;
2; 233.54; 204.93; 178.82; 9.5313; 8.2986; 6.9076; 8.1399; 6.7568; 5.3970; 433.211; 372.133; 253.531; 1.7909; 1.5267; 0.0217; 673.99; 567.76; 9.35;
21; 9.5313; 7.9992; 6.3511; 440.943; 336.755; 255.673; 1.9289; 1.6793; 0.0183; 682.46; 564.95; 5.95;
3; 702.02; 605.52; -11.14;
31; 581.75; 508.57; -18.53;
5; 47.00;
0; 09; 08:00:00; 14.03.2008; 3GC9,5;
1; 262.11; 240.98; 215.43; 6.9474; 6.5359; 5.9933;
2; 263.72; 241.72; 214.63; 9.8890; 9.1893; 8.4580; 9.9685; 8.8842; 7.7424; 394.095; 372.521; 351.163; 1.9995; 1.8350; 1.4344; 769.73; 683.55; 561.87;
21; 11.5189; 10.3340; 9.0542; 354.858; 336.118; 317.742; 2.2585; 2.0287; 1.7809; 748.61; 681.78; 622.98;
3; 802.24; 734.41; 602.85;
31; 683.03; 618.51; 562.76;
5; 32.00;
0; 09; 08:10:00; 14.03.2008; 3GC9,5;
1; 255.34; 189.60; 143.72; 7.1461; 6.5702; 5.9138;
2; 262.51; 195.48; 148.64; 10.5648; 9.3257; 8.1797; 10.3661; 9.8680; 9.2530; 393.300; 371.087; 348.936; 2.0331; 1.4540; 0.9635; 752.66; 539.69; 373.42;
21; 11.7176; 10.9834; 10.2071; 350.803; 331.415; 313.375; 2.2686; 1.7891; 1.3436; 751.25; 592.94; 467.98;
3; 804.35; 575.07; 390.80;
31; 686.19; 535.41; 410.84;
5; 47.00;
0; 09; 08:20:00; 14.03.2008; 3GC9,5;
1; 304.05; 249.86; 192.43; 7.0269; 6.5023; 5.8741;
2; 338.55; 274.25; 208.59; 11.5189; 9.7784; 8.5375; 11.4791; 10.2995; 9.4518; 436.551; 369.995; 254.803; 2.6049; 2.0947; 0.0217; 971.09; 774.85; 9.44;
21; 13.3475; 11.6061; 10.2866; 451.236; 334.752; 262.691; 2.9985; 2.3857; 0.0183; 1269.75; 798.30; 7.54;
3; 1051.21; 835.28; -6.92;
31; 858.15; 727.16; -21.69;
5; 47.00;
0; 09; 08:30:00; 14.03.2008; 3GC9,5;
1; 382.53; 287.89; 136.95; 7.4641; 6.9137; 6.1523;
2; 431.10; 323.51; 133.76; 13.2282; 11.5701; 10.2866; 13.1885; 11.9558; 10.8431; 398.070; 377.058; 354.502; 3.2541; 2.4197; 0.9063; 1228.22; 912.66; 341.03;
21; 15.4941; 14.0163; 12.5127; 356.106; 332.666; 312.127; 3.7890; 2.8159; 1.3839; 1245.86; 936.14; 460.45;
3; 1329.72; 985.39; 353.88;
31; 1101.85; 855.30; 408.73;
5; 47.00;
0; 09; 08:40:00; 14.03.2008; 3GC9,5;
1; 423.80; 308.32; 122.75; 7.7424; 7.2681; 6.7089;
2; 493.86; 356.49; 131.75; 13.5065; 12.2489; 10.9226; 14.4606; 13.4287; 12.6320; 402.205; 378.513; 355.615; 3.8159; 2.6376; 0.8188; 1436.46; 997.93; 312.42;
21; 17.2035; 15.5980; 14.6593; 347.061; 327.014; 309.944; 4.4583; 3.2010; 1.3099; 1455.36; 1045.26; 448.75;
3; 1520.67; 1075.56; 323.28;
31; 1282.25; 954.90; 382.36;
5; 47.00;
0; 09; 08:50:00; 14.03.2008; 3GC9,5;
1; 503.63; 402.86; 282.41; 7.9412; 7.4174; 6.7884;
2; 584.39; 467.45; 314.01; 14.9376; 13.9658; 12.7115; 16.7662; 15.4816; 14.0233; 402.364; 380.108; 356.887; 4.4213; 3.4299; 2.0701; 1666.49; 1303.90; 818.79;
21; 20.6619; 18.7778; 16.9252; 341.446; 323.031; 304.486; 4.9191; 4.1298; 2.9850; 1612.12; 1333.89; 968.96;
3; 1773.86; 1408.64; 891.91;
31; 1471.09; 1221.81; 886.63;
5; 47.00;
0; 09; 09:00:00; 14.03.2008; 3GC9,5;
1; 530.01; 448.66; 222.20; 7.9809; 7.3897; 6.9474;
2; 613.76; 524.21; 235.15; 15.2159; 13.6436; 12.2344; 17.5612; 16.8643; 16.1302; 442.911; 369.010; 260.527; 5.0503; 4.0054; 0.0250; 2005.98; 1477.60; 11.07;
21; 22.2918; 21.0389; 20.0656; 454.823; 317.317; 269.085; 5.9451; 4.6796; 0.0183; 2245.33; 1482.05; 8.31;
3; 1885.69; 1594.34; -5.87;
31; 1554.43; 1356.71; -15.36;
5; 47.00;
0; 09; 09:10:00; 14.03.2008; 3GC9,5;
1; 479.95; 432.14; 149.81; 7.9809; 7.4541; 6.9474;
2; 584.39; 529.46; 172.79; 16.3687; 14.6974; 13.0295; 18.5948; 17.6676; 16.7662; 390.120; 368.796; 350.685; 4.6131; 4.0505; 1.2393; 1704.29; 1494.43; 451.75;
21; 23.0471; 21.5751; 20.2247; 339.107; 318.978; 298.248; 5.2891; 4.7461; 1.8111; 1699.86; 1514.84; 580.69;
3; 1784.41; 1612.78; 476.25;
31; 1506.95; 1386.12; 518.45;
5; 47.00;
0; 09; 09:20:00; 14.03.2008; 3GC9,5;
1; 498.89; 460.90; 112.60; 8.4580; 7.8153; 7.1064;
2; 621.41; 572.88; 129.73; 18.4358; 16.6596; 15.0568; 20.3439; 19.3174; 18.1178; 389.643; 367.745; 350.049; 4.8855; 4.3634; 0.9029; 1811.34; 1605.65; 323.83;
21; 25.8297; 24.0815; 22.1725; 333.181; 318.155; 302.926; 5.7231; 5.1842; 1.6799; 1811.67; 1649.80; 525.67;
3; 1869.86; 1730.90; 333.83;
31; 1598.74; 1509.49; 470.98;
5; 47.00;
0; 09; 09:30:00; 14.03.2008; 3GC9,5;
1; 583.46; 493.41; 96.36; 8.5375; 7.9875; 7.3846;
2; 719.18; 615.99; 110.02; 17.7998; 16.4089; 14.8183; 21.1787; 20.4539; 19.5091; 439.731; 364.514; 259.891; 5.5313; 4.7125; 0.0217; 2012.34; 1717.98; 9.26;
21; 26.7043; 25.7199; 24.8359; 450.924; 317.613; 267.837; 6.5371; 5.5923; 0.0217; 2566.50; 1773.88; 9.77;
3; 2161.03; 1846.65; -5.87;
31; 1825.55; 1621.29; -12.20;
5; 47.00;
0; 09; 09:40:00; 14.03.2008; 3GC9,5;
1; 665.99; 412.62; 135.60; 8.5772; 8.1210; 7.5834;
2; 813.33; 500.65; 143.82; 18.8731; 16.0776; 13.0295; 21.4570; 20.3527; 19.1911; 388.530; 365.147; 338.601; 6.4261; 3.7774; 1.0106; 2363.88; 1387.32; 365.00;
21; 26.8235; 24.2960; 21.6955; 334.740; 315.225; 294.193; 7.1560; 4.7712; 1.5891; 2305.83; 1509.83; 496.75;
3; 2439.54; 1485.77; 367.59;
31; 2008.06; 1375.52; 441.44;
5; 31.00;
0; 09; 09:50:00; 14.03.2008; 3GC9,5;
1; 666.67; 280.63; 138.31; 8.4977; 7.7768; 6.9474;
2; 815.34; 315.31; 144.22; 16.6867; 12.1761; 9.1735; 20.9004; 18.0374; 14.9376; 383.600; 357.625; 333.990; 6.2949; 2.4105; 1.0812; 2338.91; 870.48; 381.92;
21; 25.3925; 20.5903; 16.1699; 339.263; 317.478; 293.881; 6.9104; 3.0658; 1.5622; 2263.63; 975.04; 494.43;
3; 2435.32; 927.57; 388.69;
31; 2061.87; 885.60; 439.33;
5; 47.00;
0; 09; 10:00:00; 14.03.2008; 3GC9,5;
1; 667.35; 239.57; 149.13; 7.9014; 7.3533; 6.7486;
2; 841.09; 263.47; 160.71; 11.7972; 10.6704; 9.3325; 15.4146; 14.1492; 12.8705; 379.784; 358.393; 335.421; 6.5236; 2.0376; 1.2225; 2435.04; 730.30; 435.51;
21; 17.0842; 15.3662; 13.7848; 440.943; 322.981; 256.453; 6.3588; 2.5925; 0.0183; 2098.03; 835.34; 8.06;
3; 2600.95; 782.58; 460.43;
31; 1915.23; 757.95; -17.47;
5; 31.00;
0; 09; 10:10:00; 14.03.2008; 3GC9,5;
1; 714.03; 242.77; 150.48; 7.7424; 7.3439; 6.5896;
2; 856.38; 250.29; 161.52; 12.8307; 10.6361; 9.6903; 13.7848; 12.8338; 12.0357; 422.081; 362.639; 246.375; 6.4496; 1.8932; 0.0217; 2453.56; 689.40; 9.10;
21; 15.9314; 13.9958; 12.9897; 355.014; 332.125; 309.320; 6.7053; 2.4234; 1.5521; 2248.70; 803.78; 540.95;
3; 2623.11; 738.12; -7.98;
31; 2047.10; 729.94; 480.47;
5; 47.00;
0; 09; 10:20:00; 14.03.2008; 3GC9,5;
1; 824.30; 277.19; 174.84; 7.7424; 7.3182; 6.5896;
2; 1025.37; 291.08; 163.93; 15.9314; 11.0823; 8.9350; 14.2220; 12.8353; 11.7574; 400.455; 367.275; 348.300; 7.0383; 2.1690; 1.0812; 2758.75; 804.81; 414.75;
21; 17.6010; 14.7183; 13.1487; 352.207; 327.768; 309.476; 7.6370; 2.7273; 1.5858; 2689.80; 897.38; 543.18;
3; 2885.80; 859.84; 435.11;
31; 2334.05; 814.77; 482.58;
5; 47.00;
0; 09; 10:30:00; 14.03.2008; 3GC9,5;
1; 799.27; 201.84; 127.48; 8.1002; 7.5546; 7.0269;
2; 975.07; 205.92; 133.76; 16.2494; 11.7770; 9.2133; 15.0171; 13.9051; 12.1947; 401.250; 368.994; 347.982; 6.8869; 1.4952; 0.8390; 2696.49; 554.47; 321.32;
21; 18.8731; 16.0559; 13.4668; 357.353; 336.786; 311.036; 7.2367; 2.0104; 1.1720; 2465.30; 676.50; 415.17;
3; 2844.65; 589.42; 330.67;
31; 2241.21; 610.56; 351.77;
5; 47.00;
0; 09; 10:40:00; 14.03.2008; 3GC9,5;
1; 161.31; 120.75; 82.83; 7.9809; 7.4410; 6.9474;
2; 165.95; 122.95; 84.27; 10.2071; 9.1244; 8.0207; 13.1090; 11.8354; 10.4456; 413.494; 358.309; 191.676; 1.2460; 0.8975; 0.0250; 450.83; 321.95; 10.32;
21; 13.9040; 12.3934; 10.6841; 432.834; 331.689; 251.306; 1.6059; 1.1744; 0.0250; 534.45; 389.73; 6.35;
3; 469.92; 331.39; -11.14;
31; 476.25; 341.68; -18.53;
5; 31.00;
0; 09; 10:50:00; 14.03.2008; 3GC9,5;
1; 227.61; 152.28; 122.75; 7.7027; 7.2944; 6.6691;
2; 221.87; 141.62; 117.26; 9.5313; 8.8526; 8.1002; 11.0021; 10.3241; 9.6903; 371.198; 353.449; 333.990; 1.7203; 1.0765; 0.8424; 614.78; 380.75; 310.35;
21; 11.2804; 10.7324; 10.1673; 346.593; 327.532; 309.632; 2.2181; 1.4064; 1.1081; 729.01; 460.70; 381.88;
3; 657.71; 397.38; 314.84;
31; 662.98; 409.46; 324.34;
5; 47.00;
0; 09; 11:00:00; 14.03.2008; 3GC9,5;
1; 837.15; 269.93; 93.66; 7.7424; 7.3198; 6.7486;
2; 1033.01; 307.23; 96.74; 16.0507; 10.2473; 8.4182; 13.2282; 10.7710; 9.9288; 399.978; 366.816; 340.350; 6.9878; 2.1975; 0.6708; 2735.73; 829.93; 243.26;
21; 17.8395; 12.2015; 10.6841; 368.270; 338.935; 310.724; 7.6740; 2.6263; 0.9568; 2680.09; 898.39; 325.79;
3; 2875.25; 879.35; 239.94;
31; 2354.09; 811.07; 283.19;
5; 32.00;
0; 09; 11:10:00; 14.03.2008; 3GC9,5;
1; 876.39; 354.93; 125.45; 8.1002; 7.6108; 6.9474;
2; 1075.26; 391.37; 109.62; 18.1575; 13.9483; 10.4058; 16.0904; 15.0585; 12.9102; 409.996; 369.724; 239.538; 7.1593; 2.7352; 0.0183; 2765.68; 1041.47; 7.49;
21; 22.5303; 19.2856; 16.6072; 428.623; 336.704; 250.059; 7.9532; 3.2842; 0.0183; 2727.98; 1120.63; 7.84;
3; 2875.25; 1107.17; -11.14;
31; 2406.84; 1014.65; -15.36;
5; 47.00;
0; 09; 11:20:00; 14.03.2008; 3GC9,5;
1; 887.22; 386.52; 132.89; 8.1399; 7.7126; 7.2654;
2; 1104.63; 447.28; 114.44; 20.1054; 12.5962; 9.4518; 18.1178; 14.3729; 12.8705; 402.841; 363.857; 333.990; 7.1795; 3.1247; 0.8424; 2787.14; 1175.91; 296.35;
21; 25.1142; 17.1748; 14.4208; 359.537; 334.506; 310.880; 8.4577; 3.7695; 1.1014; 2881.26; 1271.20; 367.99;
3; 2871.03; 1251.47; 304.29;
31; 2526.05; 1152.01; 324.34;
5; 47.00;
0; 09; 11:30:00; 14.03.2008; 3GC9,5;
1; 881.13; 269.10; 111.92; 8.6170; 7.9666; 7.3449;
2; 1101.82; 311.24; 113.64; 21.9738; 14.3272; 9.1337; 20.3042; 17.7152; 14.7786; 401.887; 366.376; 342.894; 7.2165; 2.0574; 0.6137; 2825.64; 781.00; 233.25;
21; 27.7378; 21.3412; 15.6531; 355.950; 324.130; 302.770; 8.4947; 2.6586; 1.1115; 2847.50; 876.93; 375.35;
3; 2872.08; 822.85; 232.56;
31; 2504.95; 789.57; 318.01;
5; 47.00;
0; 09; 11:40:00; 14.03.2008; 3GC9,5;
1; 880.45; 298.97; 143.04; 8.2194; 7.7180; 7.2654;
2; 1134.00; 357.84; 151.06; 15.2556; 12.7059; 10.5648; 16.8060; 15.9882; 15.0171; 405.703; 357.724; 331.286; 7.2502; 2.5541; 1.0610; 2825.07; 936.91; 392.00;
21; 20.2644; 18.4146; 16.6469; 346.905; 327.443; 308.852; 8.2391; 3.0381; 1.4142; 2817.19; 1002.27; 488.83;
3; 2896.35; 1000.15; 402.40;
31; 2549.26; 910.08; 427.72;
5; 47.00;
0; 09; 11:50:00; 14.03.2008; 3GC9,5;
1; 826.33; 359.43; 132.89; 8.2194; 7.7232; 7.1461;
2; 1073.25; 449.53; 148.24; 20.5029; 12.1657; 8.8952; 18.6346; 14.4507; 12.5127; 420.968; 369.292; 244.944; 6.9844; 3.0392; 0.0217; 2788.46; 1168.70; 8.79;
21; 24.7167; 16.5047; 13.1885; 433.926; 327.460; 253.802; 8.7167; 3.7971; 0.0183; 2894.73; 1256.45; 7.92;
3; 2899.51; 1238.43; -12.20;
31; 2529.22; 1133.57; -17.47;
5; 32.00;
0; 09; 12:00:00; 14.03.2008; 3GC9,5;
1; 903.45; 578.06; 194.46; 8.8555; 8.3029; 7.3449;
2; 1150.10; 720.35; 209.80; 23.1266; 18.7030; 14.5798; 22.6893; 20.8299; 18.1178; 403.159; 378.425; 348.936; 7.0719; 4.7111; 1.1586; 2799.57; 1810.08; 444.06;
21; 31.3156; 27.5540; 23.9614; 343.474; 317.990; 291.386; 9.3928; 6.0323; 2.2686; 3018.18; 1941.15; 699.26;
3; 2909.00; 1926.08; 482.58;
31; 2653.70; 1759.39; 631.33;
5; 32.00;
0; 09; 12:10:00; 14.03.2008; 3GC9,5;
1; 930.51; 612.11; 164.69; 9.3325; 8.6605; 8.0207;
2; 1173.43; 770.05; 178.42; 24.9949; 18.8392; 14.2618; 26.3068; 22.4450; 20.3439; 401.887; 379.002; 346.551; 7.2098; 4.9307; 1.0106; 2818.94; 1895.59; 387.50;
21; 33.9392; 27.5196; 23.7229; 341.758; 316.686; 287.799; 9.4332; 6.4171; 2.0062; 3073.81; 2055.30; 613.05;
3; 2930.10; 2014.39; 411.90;
31; 2699.07; 1859.46; 555.37;
5; 47.00;
0; 09; 12:20:00; 14.03.2008; 3GC9,5;
1; 933.22; 286.48; 111.25; 9.3723; 8.7744; 8.1797;
2; 1176.25; 334.80; 117.66; 24.3191; 14.7982; 10.3661; 26.7043; 22.3733; 18.4358; 453.883; 363.264; 336.693; 7.2367; 2.2329; 0.0217; 3133.47; 838.81; 9.82;
21; 34.4560; 25.7924; 19.5886; 424.413; 311.818; 247.408; 9.1708; 3.1168; 0.0183; 2945.06; 989.24; 7.76;
3; 2925.88; 885.40; 0.46;
31; 2656.87; 892.23; -30.13;
5; 31.00;
0; 09; 12:30:00; 14.03.2008; 3GC9,5;
1; 913.60; 370.39; 155.90; 9.0145; 8.5602; 8.0207;
2; 1215.68; 448.10; 178.42; 17.8793; 14.7654; 11.8767; 21.0992; 19.5041; 17.3625; 403.954; 373.335; 347.187; 7.2132; 3.0353; 1.2595; 2807.55; 1153.16; 460.71;
21; 25.6707; 22.5388; 19.1116; 336.768; 318.004; 292.945; 9.1237; 3.7625; 1.8717; 3012.82; 1205.61; 598.79;
3; 2935.38; 1229.68; 489.97;
31; 2714.89; 1093.26; 540.61;
5; 47.00;
0; 09; 12:40:00; 14.03.2008; 3GC9,5;
1; 833.09; 227.81; 96.36; 9.1735; 8.7403; 8.0207;
2; 1095.38; 264.55; 94.33; 21.5365; 14.1866; 9.9685; 21.2185; 18.4030; 14.8978; 393.459; 358.374; 332.558; 7.1493; 1.7763; 0.6069; 2757.15; 664.00; 223.36;
21; 26.0683; 20.2976; 14.5401; 344.098; 317.370; 294.973; 8.9858; 2.3555; 1.0375; 2939.25; 760.09; 329.65;
3; 2926.94; 694.34; 213.57;
31; 2583.02; 679.19; 284.25;
5; 31.00;
0; 09; 12:50:00; 14.03.2008; 3GC9,5;
1; 908.86; 600.93; 120.72; 9.5710; 8.9488; 8.2592;
2; 1171.42; 751.27; 131.75; 25.1937; 19.7558; 10.2866; 23.9614; 20.5212; 15.0966; 402.205; 379.127; 342.417; 7.3410; 4.8667; 0.8626; 2815.32; 1884.03; 324.50;
21; 31.7131; 25.5792; 14.7786; 352.831; 325.094; 292.789; 9.0968; 5.9895; 1.4041; 2938.67; 1979.06; 438.70;
3; 2917.44; 1997.33; 326.45;
31; 2614.67; 1789.33; 388.69;
5; 47.00;
0; 09; 13:00:00; 14.03.2008; 3GC9,5;
1; 678.17; 115.43; 93.66; 9.4120; 8.8420; 8.2592;
2; 981.91; 125.21; 103.18; 13.3475; 10.6598; 9.3723; 21.4172; 17.5122; 14.2220; 405.226; 345.618; 178.796; 7.3073; 0.8971; 0.0217; 2649.73; 310.30; 8.75;
21; 23.8024; 18.1962; 13.7450; 421.605; 336.298; 246.004; 3.8226; 1.1645; 0.0183; 1295.67; 390.96; 7.27;
3; 2821.44; 316.82; -10.09;
31; 1176.75; 340.39; -18.53;
5; 31.00;
0; 09; 13:10:00; 14.03.2008; 3GC9,5;
1; 836.48; 631.35; 120.72; 9.5710; 8.7643; 8.1002;
2; 1066.01; 813.26; 132.15; 25.7900; 17.4055; 9.4518; 23.4446; 17.3443; 13.6258; 404.113; 377.451; 348.618; 7.2367; 5.4920; 0.9870; 2852.44; 2110.74; 344.57;
21; 31.5541; 21.3652; 13.2282; 360.005; 335.630; 316.806; 8.7739; 6.2783; 1.3907; 2878.00; 2111.52; 464.86;
3; 2914.28; 2239.90; 357.04;
31; 2520.78; 1909.24; 409.79;
5; 47.00;
0; 09; 13:20:00; 14.03.2008; 3GC9,5;
1; 890.60; 731.58; 203.25; 10.2468; 9.6528; 8.7760;
2; 1147.68; 934.39; 226.70; 26.6248; 22.8638; 18.7141; 28.0956; 26.1766; 23.0073; 391.392; 373.727; 348.459; 7.4015; 6.2251; 1.4209; 2809.81; 2338.60; 534.00;
21; 36.9206; 34.7535; 31.5143; 342.694; 319.093; 290.294; 9.2011; 7.5520; 2.4771; 2911.76; 2421.89; 753.09;
3; 2894.24; 2476.27; 560.65;
31; 2586.19; 2188.27; 686.19;
5; 32.00;
0; 09; 13:30:00; 14.03.2008; 3GC9,5;
1; 822.27; 787.39; 766.12; 10.4853; 9.8224; 9.3325;
2; 1052.73; 1024.49; 1003.64; 26.0683; 23.6060; 22.1328; 31.2758; 29.4291; 27.6583; 435.597; 363.191; 342.576; 7.6706; 7.2492; 0.0217; 3235.94; 2631.15; 9.43;
21; 40.5381; 38.7343; 36.6424; 448.429; 301.398; 276.415; 10.1496; 9.0607; 0.0183; 3949.82; 2718.73; 8.20;
3; 2877.36; 2783.92; -6.92;
31; 2539.77; 2447.59; -22.75;
5; 31.00;
0; 09; 13:40:00; 14.03.2008; 3GC9,5;
1; 804.68; 734.57; 174.84; 10.5648; 10.1471; 9.4518;
2; 1041.87; 952.09; 193.71; 25.2334; 23.2000; 19.6284; 31.6336; 30.9501; 29.9242; 371.357; 350.858; 329.378; 7.8758; 7.0028; 1.5588; 2823.29; 2464.16; 513.70;
21; 40.8164; 39.1460; 36.9604; 309.320; 292.185; 272.984; 9.8133; 8.6432; 1.9793; 2921.16; 2533.80; 541.24;
3; 2856.26; 2610.25; 536.39;
31; 2516.56; 2282.69; 478.36;
5; 47.00;
0; 09; 13:50:00; 14.03.2008; 3GC9,5;
1; 785.06; 523.62; 136.28; 10.7238; 10.1644; 9.7300;
2; 1021.35; 668.58; 143.01; 26.3465; 20.9483; 15.4146; 31.4348; 29.1152; 26.2670; 372.152; 345.011; 315.544; 7.7076; 4.9804; 0.9904; 2787.04; 1747.71; 344.44;
21; 38.6697; 34.5532; 29.1292; 317.586; 291.416; 263.782; 9.4668; 6.2999; 1.7169; 2867.75; 1865.16; 470.92;
3; 2858.37; 1846.71; 345.44;
31; 2475.41; 1676.17; 398.18;
5; 47.00;
0; 09; 14:00:00; 14.03.2008; 3GC9,5;
1; 769.50; 747.80; 729.59; 10.9226; 10.2845; 9.6108;
2; 991.97; 972.09; 957.37; 26.9826; 24.1355; 22.0135; 31.2361; 29.2904; 27.5391; 370.880; 354.838; 336.375; 7.5731; 7.1640; 6.5909; 2753.31; 2541.91; 2396.90;
21; 39.2660; 36.9337; 33.9392; 446.558; 300.842; 278.910; 9.4130; 8.7450; 0.0217; 3936.46; 2624.48; 7.75;
3; 2766.58; 2694.65; 2585.13;
31; 2438.49; 2365.38; -22.75;
5; 47.00;
0; 09; 14:10:00; 14.03.2008; 3GC9,5;
1; 760.03; 687.01; 125.45; 11.3599; 10.8422; 10.0480;
2; 986.34; 897.10; 149.85; 28.0161; 26.2638; 21.6557; 33.0647; 32.0964; 30.8385; 430.985; 347.047; 265.615; 7.9734; 6.6300; 0.0250; 3002.80; 2305.60; 10.78;
21; 41.3729; 40.3968; 38.3915; 304.642; 289.371; 264.094; 9.4197; 8.3679; 1.8717; 2746.26; 2429.11; 513.85;
3; 2703.29; 2445.58; -9.03;
31; 2394.18; 2190.76; 447.77;
5; 47.00;
0; 09; 14:20:00; 14.03.2008; 3GC9,5;
1; 749.21; 677.97; 153.19; 11.2009; 10.7105; 9.9288;
2; 993.99; 904.52; 167.96; 26.3863; 24.0687; 21.5365; 32.6671; 31.7900; 31.0770; 364.837; 347.152; 321.110; 7.6134; 6.7709; 1.2797; 2705.03; 2355.67; 419.46;
21; 38.8685; 37.9864; 36.9604; 309.476; 292.983; 262.535; 9.2953; 8.3510; 2.1912; 2775.13; 2451.58; 612.18;
3; 2759.20; 2499.99; 433.00;
31; 2412.12; 2211.92; 542.72;
5; 47.00;
0; 09; 14:30:00; 14.03.2008; 3GC9,5;
1; 709.29; 514.17; 105.16; 11.0816; 10.5080; 9.8493;
2; 949.73; 684.34; 126.51; 24.1999; 20.2491; 14.5003; 32.5876; 29.5371; 26.3863; 373.424; 348.856; 318.884; 7.2468; 5.0732; 0.9164; 2612.79; 1790.13; 306.06;
21; 38.5107; 33.8256; 28.4931; 317.430; 294.526; 264.874; 8.8916; 6.2734; 1.5286; 2641.83; 1870.54; 428.00;
3; 2701.18; 1896.64; 306.40;
31; 2356.20; 1684.68; 368.65;
5; 32.00;
0; 09; 14:40:00; 14.03.2008; 3GC9,5;
1; 673.43; 652.13; 617.96; 11.0419; 10.5899; 9.7300;
2; 903.05; 878.41; 836.26; 24.5179; 22.8370; 21.0992; 29.1689; 28.3349; 27.3403; 434.483; 355.576; 266.570; 7.2266; 6.5024; 0.0250; 2834.83; 2310.54; 10.87;
21; 35.6486; 34.2561; 32.2696; 449.053; 301.950; 276.103; 8.7369; 8.0051; 0.0183; 3603.89; 2410.41; 6.50;
3; 2540.82; 2456.21; -6.92;
31; 2246.49; 2177.52; -26.97;
5; 47.00;
0; 09; 14:50:00; 14.03.2008; 3GC9,5;
1; 640.96; 620.09; 521.22; 11.3599; 10.7876; 10.2468;
2; 861.61; 836.77; 705.10; 24.5974; 22.9244; 20.8209; 29.7255; 29.0764; 28.4136; 375.173; 356.951; 337.965; 6.5102; 6.1679; 5.3060; 2331.80; 2201.59; 1868.32;
21; 36.8014; 35.6200; 34.5355; 320.393; 302.836; 286.084; 8.2324; 7.6634; 6.6514; 2492.51; 2320.72; 2013.72;
3; 2403.68; 2342.61; 1994.35;
31; 2146.26; 2098.12; 1828.72;
5; 47.00;
0; 09; 15:00:00; 14.03.2008; 3GC9,5;
1; 610.52; 480.82; 147.78; 11.2406; 10.7123; 10.0480;
2; 826.61; 646.80; 171.98; 22.4905; 19.9565; 18.4358; 29.2484; 27.3505; 25.4720; 378.035; 356.910; 331.445; 6.0830; 4.8544; 1.2090; 2216.39; 1734.70; 427.26;
21; 35.5691; 33.0644; 30.1230; 315.091; 295.717; 273.296; 7.8287; 6.3013; 2.0230; 2345.20; 1867.41; 581.28;
3; 2356.20; 1851.44; 438.27;
31; 2080.86; 1692.19; 512.12;
5; 47.00;
0; 09; 15:10:00; 14.03.2008; 3GC9,5;
1; 691.02; 565.73; 172.81; 11.5586; 10.8784; 10.2866;
2; 892.19; 741.56; 192.90; 27.2211; 22.3750; 17.9190; 28.6919; 26.6026; 25.3925; 431.780; 359.665; 333.990; 6.7355; 5.4840; 0.0217; 2597.33; 1977.15; 9.35;
21; 36.4834; 32.6550; 29.9640; 449.833; 298.645; 277.506; 8.5418; 6.7527; 0.0183; 2592.18; 2018.46; 6.53;
3; 2531.33; 2104.49; -7.98;
31; 2172.64; 1826.27; -25.91;
5; 31.00;
0; 09; 15:20:00; 14.03.2008; 3GC9,5;
1; 678.17; 376.06; 166.72; 11.3996; 10.8501; 10.0083;
2; 880.52; 467.87; 179.22; 25.8297; 18.9221; 14.1028; 29.4472; 26.3952; 23.4843; 372.152; 345.109; 261.481; 7.0719; 3.5777; 1.3032; 2494.63; 1247.39; 462.61;
21; 37.3977; 31.2533; 26.4260; 319.301; 295.571; 273.451; 8.2155; 4.5322; 1.9995; 2455.26; 1351.96; 588.19;
3; 2488.07; 1323.87; 467.81;
31; 2135.71; 1224.42; 522.67;
5; 47.00;
0; 09; 15:30:00; 14.03.2008; 3GC9,5;
1; 572.63; 484.60; 178.22; 11.1214; 10.6432; 9.8493;
2; 762.23; 630.94; 194.51; 21.7750; 19.6926; 17.5612; 25.9092; 24.7994; 24.0806; 376.604; 356.996; 333.353; 5.7029; 4.8022; 1.4209; 2068.83; 1717.20; 505.41;
21; 31.7926; 29.8363; 28.5329; 320.393; 302.909; 287.799; 6.9441; 5.8724; 2.1475; 2095.96; 1782.27; 628.76;
3; 2207.45; 1834.98; 525.84;
31; 1898.35; 1623.05; 553.26;
5; 47.00;
0; 09; 15:40:00; 14.03.2008; 3GC9,5;
1; 553.69; 445.56; 162.66; 11.2009; 10.7546; 10.3661;
2; 741.71; 595.03; 181.23; 21.5365; 18.8758; 15.8121; 25.1937; 24.1760; 23.0868; 374.696; 352.702; 330.650; 5.7668; 4.5777; 1.3436; 2057.31; 1616.62; 469.89;
21; 31.3951; 29.2970; 26.3863; 320.081; 300.034; 277.038; 6.8196; 5.5509; 2.0298; 2079.81; 1672.08; 584.80;
3; 2145.21; 1725.65; 489.97;
31; 1837.16; 1523.41; 525.84;
5; 47.00;
0; 09; 15:50:00; 14.03.2008; 3GC9,5;
1; 545.57; 463.22; 157.25; 11.3996; 10.9653; 10.4853;
2; 735.68; 617.61; 182.44; 22.7291; 20.6799; 17.6408; 26.1080; 25.0236; 23.5241; 432.575; 358.734; 260.050; 5.6356; 4.6413; 0.0149; 2200.97; 1667.00; 6.45;
21; 32.5876; 31.1614; 28.6919; 419.422; 314.182; 243.665; 6.4530; 5.3888; 0.0183; 2000.06; 1694.84; 7.66;
3; 2134.66; 1781.24; -7.98;
31; 1824.50; 1543.03; -16.42;
5; 47.00;
0; 09; 16:00:00; 14.03.2008; 3GC9,5;
1; 492.13; 276.58; 90.95; 11.3201; 10.8557; 10.3263;
2; 657.62; 362.02; 108.41; 20.5029; 17.1454; 13.8643; 25.9092; 23.7284; 21.0595; 371.834; 350.327; 326.198; 5.0537; 2.7694; 0.7953; 1839.11; 976.95; 273.21;
21; 31.7528; 27.6654; 23.0073; 319.301; 302.981; 282.497; 5.9249; 3.4643; 1.1182; 1807.43; 1050.41; 344.27;
3; 1919.45; 1036.75; 267.37;
31; 1650.43; 954.04; 282.14;
5; 47.00;
0; 09; 16:10:00; 14.03.2008; 3GC9,5;
1; 428.53; 176.23; 84.19; 11.0816; 10.5786; 9.8890;
2; 563.07; 220.55; 101.97; 14.8978; 13.2111; 11.7176; 21.4570; 18.7464; 16.9650; 365.950; 347.538; 326.993; 4.4247; 1.7057; 0.6843; 1613.06; 594.46; 248.24;
21; 23.4843; 20.2145; 17.6805; 324.604; 305.763; 283.276; 5.0167; 2.2401; 1.0745; 1567.41; 689.68; 327.24;
3; 1684.19; 620.05; 231.50;
31; 1435.22; 619.86; 272.64;
5; 47.00;
0; 09; 16:20:00; 14.03.2008; 3GC9,5;
1; 436.65; 342.56; 100.42; 11.0816; 10.4779; 9.8890;
2; 564.68; 438.43; 104.39; 17.6408; 16.0424; 14.4606; 19.4296; 18.3450; 17.2830; 434.165; 359.860; 254.485; 4.4852; 3.3628; 0.0217; 1627.03; 1210.84; 9.38;
21; 23.6434; 21.7145; 19.5489; 450.456; 317.069; 264.094; 5.1950; 3.9678; 0.0149; 2047.26; 1256.83; 6.44;
3; 1702.12; 1307.49; -11.14;
31; 1436.27; 1147.39; -15.36;
5; 47.00;
0; 09; 16:30:00; 14.03.2008; 3GC9,5;
1; 353.44; 190.81; 88.24; 11.1611; 10.6382; 9.9288;
2; 463.69; 235.50; 94.73; 15.7326; 13.5303; 11.5189; 18.9128; 16.9556; 15.7326; 378.830; 353.865; 333.194; 3.6510; 1.7980; 0.4926; 1282.69; 635.25; 185.90;
21; 22.1725; 18.7261; 16.8060; 340.511; 318.090; 298.872; 4.1489; 2.2321; 1.0005; 1321.50; 712.53; 329.26;
3; 1387.74; 671.09; 170.31;
31; 1211.56; 641.26; 257.87;
5; 47.00;
0; 09; 16:40:00; 14.03.2008; 3GC9,5;
1; 347.35; 327.12; 283.08; 11.3599; 10.8437; 10.2866;
2; 439.54; 417.07; 365.51; 17.2035; 15.8378; 14.5003; 18.7141; 17.4662; 16.4482; 385.509; 363.794; 340.350; 3.4425; 3.2140; 2.8505; 1268.21; 1169.44; 1018.50;
21; 22.1725; 20.3317; 18.5153; 339.887; 320.663; 303.082; 4.0547; 3.7176; 3.3046; 1300.99; 1191.93; 1070.10;
3; 1320.23; 1260.50; 1106.07;
31; 1137.72; 1089.66; 965.76;
5; 31.00;
0; 09; 16:50:00; 14.03.2008; 3GC9,5;
1; 335.17; 291.19; 252.64; 11.6779; 11.2489; 10.7636;
2; 416.61; 364.68; 307.98; 17.7998; 16.7791; 15.5339; 19.3501; 18.8051; 18.0383; 383.918; 363.238; 345.597; 3.2609; 2.8148; 2.3594; 1188.13; 1022.35; 863.31;
21; 22.8086; 22.2122; 21.4570; 442.347; 324.332; 255.517; 3.7620; 3.1951; 0.0217; 1481.04; 1034.78; 7.44;
3; 1252.71; 1105.29; 921.45;
31; 1064.92; 943.01; -29.08;
5; 32.00;
0; 09; 17:00:00; 14.03.2008; 3GC9,5;
1; 297.97; 235.69; 164.01; 11.7176; 11.2480; 10.6443;
2; 371.55; 291.09; 190.49; 16.7662; 15.3682; 13.7053; 19.2706; 18.3488; 17.1240; 425.738; 361.306; 246.693; 2.9077; 2.2436; 0.0217; 1062.91; 809.76; 9.20;
21; 22.2918; 20.9266; 19.3501; 332.713; 314.893; 292.322; 3.3988; 2.6680; 1.8919; 1046.56; 838.92; 600.24;
3; 1122.95; 869.50; -7.98;
31; 945.71; 762.79; 533.22;
5; 32.00;
0; 09; 17:10:00; 14.03.2008; 3GC9,5;
1; 224.90; 205.10; 170.78; 11.5586; 11.1257; 10.7636;
2; 271.76; 251.27; 212.22; 14.9376; 14.2651; 13.4270; 17.8395; 16.8534; 15.9712; 382.646; 362.755; 344.802; 2.1643; 1.9394; 1.6228; 780.79; 703.53; 592.18;
21; 19.7476; 18.7450; 17.5215; 339.575; 320.720; 302.926; 2.4738; 2.2251; 1.8448; 802.43; 713.40; 597.38;
3; 819.12; 753.19; 617.62;
31; 699.91; 647.11; 539.55;
5; 47.00;
0; 09; 17:20:00; 14.03.2008; 3GC9,5;
1; 186.34; 166.92; 147.10; 11.5189; 11.0379; 10.3263;
2; 229.92; 210.84; 190.89; 14.0630; 13.4674; 12.7512; 16.4879; 15.5472; 14.6593; 385.032; 363.744; 344.802; 1.7809; 1.6146; 1.3234; 648.87; 587.24; 503.02;
21; 18.0780; 16.8604; 15.3351; 351.115; 329.861; 309.008; 1.9389; 1.7192; 1.4142; 640.07; 566.92; 491.26;
3; 686.19; 625.94; 522.67;
31; 563.81; 507.87; 436.16;
5; 31.00;
0; 09; 17:30:00; 14.03.2008; 3GC9,5;
1; 163.34; 142.02; 117.33; 11.4791; 10.9713; 10.4853;
2; 207.79; 183.63; 160.31; 13.5065; 12.9207; 11.9959; 15.1364; 14.3076; 13.4270; 420.332; 361.713; 244.626; 1.6093; 1.4033; 0.0217; 585.80; 507.56; 9.08;
21; 16.0904; 15.0092; 14.0630; 431.898; 337.026; 250.994; 1.8111; 1.4291; 0.0149; 679.76; 480.48; 4.88;
3; 604.96; 538.48; -11.14;
31; 500.52; 426.16; -17.47;
5; 47.00;
0; 09; 17:40:00; 14.03.2008; 3GC9,5;
1; 131.54; 76.65; 21.27; 11.2804; 10.7872; 10.2071;
2; 165.14; 87.71; 28.34; 12.7910; 11.4466; 9.6505; 13.9438; 12.8037; 11.2009; 388.689; 372.151; 341.463; 1.2998; 0.4463; -0.0019; 466.43; 162.15; -0.72;
21; 14.5003; 12.2298; 9.6903; 359.693; 344.242; 320.393; 1.0341; 0.4246; 0.2571; 349.55; 145.95; 88.59;
3; 476.25; 155.58; -10.09;
31; 301.13; 108.91; 58.49;
5; 47.00;
0; 09; 17:50:00; 14.03.2008; 3GC9,5;
1; 36.15; 26.41; 15.18; 10.9226; 10.4696; 10.0083;
2; 35.99; 29.98; 20.70; 10.1673; 9.5453; 8.6965; 11.6381; 10.4171; 9.2928; 384.873; 376.284; 184.521; 0.2638; 0.0447; -0.0019; 81.13; 15.93; -0.72;
21; 10.4058; 9.0741; 7.9809; 392.442; 353.283; 343.318; 0.3042; 0.2238; 0.0015; 104.91; 77.27; 0.58;
3; 216.73; 0.92; -13.25;
31; 69.04; 46.85; -12.20;
5; 32.00;
0; 09; 18:00:00; 14.03.2008; 3GC9,5;
1; 28.03; 17.43; 7.06; 10.6841; 10.2186; 9.6108;
2; 29.95; 22.69; 15.47; 9.2928; 8.6176; 7.6629; 9.8493; 8.8170; 7.8617; 380.738; 358.640; 166.553; 0.2067; 0.0637; 0.0048; 57.91; 21.70; 1.80;
21; 8.3785; 7.5069; 6.6293; 391.039; 371.003; 162.726; 0.3143; 0.0669; 0.0015; 95.12; 22.82; 0.56;
3; 173.48; -0.38; -12.20;
31; 236.77; -1.02; -21.69;
5; 47.00;
0; 09; 18:10:00; 14.03.2008; 3GC9,5;
1; 18.56; 9.58; -0.38; 10.4853; 9.9939; 9.4915;
2; 21.90; 15.06; 9.03; 8.7760; 8.1265; 7.4244; 8.4580; 7.6702; 6.8281; 370.562; 354.771; 204.079; 0.1226; 0.0253; -0.0019; 32.85; 8.52; -0.68;
21; 7.1064; 6.3356; 5.4765; 379.499; 358.759; 185.807; 0.1966; 0.0388; -0.0053; 51.04; 12.76; -1.99;
3; 5.74; -0.98; -9.03;
31; 184.03; -4.96; -19.58;
5; 47.00;
0; 09; 18:20:00; 14.03.2008; 3GC9,5;
1; 12.47; 2.23; -9.17; 10.2468; 9.7155; 9.0940;
2; 15.06; 8.52; 1.79; 8.1797; 7.2252; 6.2318; 7.5039; 6.6795; 5.7150; 351.958; 315.846; 197.559; 0.0923; 0.0224; 0.0015; 19.79; 6.99; 0.50;
21; 6.2716; 5.2799; 4.3635; 358.133; 329.783; 184.247; 0.1528; 0.0304; -0.0053; 38.72; 8.98; -1.86;
3; 4.68; -1.08; -9.03;
31; 12.07; -5.41; -14.31;
5; 47.00;
0; 09; 18:30:00; 14.03.2008; 3GC9,5;
1; 4.36; -2.41; -11.88; 9.8890; 9.3955; 8.8555;
2; 7.02; 2.82; -1.84; 7.1064; 6.3487; 5.2778; 6.3511; 5.6134; 4.4827; 244.944; 204.467; 133.797; 0.0452; 0.0161; -0.0120; 10.56; 3.19; -2.27;
21; 4.9200; 4.1714; 3.4094; 313.999; 247.893; 134.031; 0.0418; 0.0205; -0.0019; 10.77; 5.04; -0.43;
3; 3.63; -1.18; -9.03;
31; 1.52; -5.46; -13.25;
5; 47.00;
0; 09; 18:40:00; 14.03.2008; 3GC9,5;
1; 5.03; -2.40; -9.85; 9.5313; 9.0937; 8.5772;
2; 5.00; 0.45; -4.25; 6.3511; 5.6471; 4.8405; 5.3573; 4.6676; 4.0057; 177.365; 119.591; 64.310; 0.0284; 0.0068; -0.0187; 4.17; 0.82; -2.92;
21; 4.0454; 3.1954; 2.4554; 228.537; 202.229; 143.544; 0.0250; 0.0024; -0.0254; 5.70; 0.54; -5.34;
3; 4.68; -0.98; -7.98;
31; 0.46; -5.21; -15.36;
5; 47.00;
0; 09; 18:50:00; 14.03.2008; 3GC9,5;
1; 4.36; -2.42; -13.91; 9.2133; 8.8260; 8.2194;
2; 4.60; -0.28; -5.05; 5.7548; 5.1669; 4.6417; 4.5622; 3.9331; 3.3299; 64.469; 31.658; 8.179; 0.0250; 0.0069; -0.0120; 1.35; 0.22; -0.54;
21; 3.1709; 2.6473; 2.0976; 143.544; 81.621; 30.479; 0.0183; 0.0002; -0.0187; 1.81; 0.02; -2.59;
3; 5.74; -0.93; -10.09;
31; 1.52; -5.14; -13.25;
5; 31.00;
0; 09; 19:00:00; 14.03.2008; 3GC9,5;
1; 5.71; -2.43; -10.53; 9.1735; 8.8393; 8.3387;
2; 3.80; -0.45; -5.05; 6.0331; 5.5526; 4.9200; 4.2045; 3.6328; 3.1709; 8.974; 3.965; 0.865; 0.0250; 0.0069; -0.0153; 0.19; 0.03; -0.09;
21; 3.0914; 2.6625; 2.1373; 30.479; 14.816; 4.747; 0.0149; 0.0004; -0.0187; 0.36; 0.00; -0.46;
3; 4.68; -1.07; -11.14;
31; 1.52; -5.21; -11.14;
5; 31.00;
0; 09; 19:10:00; 14.03.2008; 3GC9,5;
1; 7.06; -2.38; -9.85; 9.1735; 8.4389; 7.5834;
2; 3.40; -0.40; -5.05; 5.8343; 5.0571; 4.3237; 3.8864; 3.3723; 2.8926; 1.978; 0.864; -0.089; 0.0250; 0.0070; -0.0153; 0.03; 0.01; -0.01;
21; 2.8131; 2.2797; 1.7001; 5.527; 2.762; 0.692; 0.0183; 0.0005; -0.0221; 0.06; 0.00; -0.09;
3; 4.68; -1.11; -7.98;
31; 0.46; -5.20; -14.31;
5; 32.00;
0; 09; 19:20:00; 14.03.2008; 3GC9,5;
1; 5.03; -2.48; -11.20; 8.2592; 7.4494; 6.7486;
2; 4.60; -0.34; -5.05; 5.2380; 4.6344; 4.1249; 3.6877; 3.2409; 2.7336; 1.342; 0.431; -0.407; 0.0250; 0.0069; -0.0120; 0.03; 0.00; -0.01;
21; 2.7336; 2.2265; 1.6206; 2.096; 1.063; 0.068; 0.0149; 0.0005; -0.0254; 0.02; 0.00; -0.04;
3; 5.74; -1.17; -11.14;
31; 0.46; -5.24; -12.20;
5; 47.00;
0; 09; 19:30:00; 14.03.2008; 3GC9,5;
1; 6.39; -2.41; -9.85; 7.2654; 6.7333; 6.1523;
2; 3.80; -0.33; -5.05; 4.8802; 4.4090; 3.8864; 3.6479; 3.2295; 2.7336; 1.183; 0.377; -0.566; 0.0250; 0.0069; -0.0120; 0.02; 0.00; -0.01;
21; 3.1311; 2.6043; 1.8988; 1.628; 0.747; -0.244; 0.0183; 0.0005; -0.0221; 0.02; 0.00; -0.02;
3; 4.68; -1.16; -10.09;
31; 1.52; -5.15; -13.25;
5; 32.00;
0; 09; 19:40:00; 14.03.2008; 3GC9,5;
1; 5.03; -2.42; -13.91; 6.9871; 6.4946; 6.0728;
2; 3.40; -0.24; -5.05; 4.8007; 4.2718; 3.7672; 3.6082; 3.1746; 2.6541; 0.865; 0.359; -0.566; 0.0217; 0.0069; -0.0086; 0.02; 0.00; -0.01;
21; 3.1311; 2.7109; 2.2168; 1.316; 0.666; -0.399; 0.0183; 0.0004; -0.0288; 0.02; 0.00; -0.02;
3; 4.68; -1.14; -10.09;
31; 1.52; -5.11; -13.25;
5; 47.00;
0; 09; 19:50:00; 14.03.2008; 3GC9,5;
1; 4.36; -2.47; -9.85; 6.6691; 6.1821; 5.5163;
2; 5.41; -0.19; -5.46; 4.6815; 4.0094; 3.2504; 3.4889; 3.0403; 2.4554; 1.183; 0.353; -0.566; 0.0250; 0.0071; -0.0153; 0.02; 0.00; -0.01;
21; 3.0914; 2.5851; 2.0181; 1.472; 0.633; -0.399; 0.0183; 0.0004; -0.0187; 0.02; 0.00; -0.01;
3; 4.68; -1.08; -7.98;
31; 1.52; -5.04; -14.31;
5; 47.00;
0; 09; 20:00:00; 14.03.2008; 3GC9,5;
1; 5.71; -2.44; -9.17; 6.3113; 5.8688; 5.0790;
2; 4.20; -0.17; -5.46; 4.1647; 3.6476; 3.1709; 3.1709; 2.7758; 2.3361; 1.024; 0.343; -0.566; 0.0284; 0.0069; -0.0153; 0.02; 0.00; -0.01;
21; 2.7336; 2.2473; 1.7398; 1.316; 0.623; -0.399; 0.0183; 0.0003; -0.0221; 0.01; 0.00; -0.02;
3; 5.74; -1.09; -6.92;
31; 0.46; -5.12; -14.31;
5; 47.00;
0; 09; 20:10:00; 14.03.2008; 3GC9,5;
1; 3.68; -2.45; -11.20; 6.1126; 5.6294; 4.9597;
2; 4.60; -0.06; -4.25; 4.0057; 3.3388; 2.6541; 3.0516; 2.5435; 1.9783; 1.342; 0.336; -0.407; 0.0250; 0.0070; -0.0120; 0.02; 0.00; -0.01;
21; 2.4554; 1.9853; 1.4218; 1.160; 0.601; -0.555; 0.0183; 0.0004; -0.0187; 0.01; 0.00; -0.02;
3; 4.68; -1.13; -6.92;
31; 1.52; -5.08; -11.14;
5; 32.00;
0; 09; 20:20:00; 14.03.2008; 3GC9,5;
1; 5.03; -2.46; -10.53; 5.6753; 5.2662; 4.7212;
2; 5.00; -0.08; -4.65; 3.4094; 2.8951; 2.3361; 2.6939; 2.1534; 1.6206; 1.183; 0.336; -0.566; 0.0250; 0.0070; -0.0120; 0.01; 0.00; -0.01;
21; 2.1771; 1.6641; 1.1833; 1.472; 0.590; -0.399; 0.0183; 0.0005; -0.0221; 0.01; 0.00; -0.02;
3; 5.74; -0.95; -10.09;
31; 0.46; -5.13; -14.31;
5; 47.00;
0; 09; 20:30:00; 14.03.2008; 3GC9,5;
1; 4.36; -2.49; -11.20; 5.4765; 5.0170; 4.5622;
2; 3.80; -0.06; -5.05; 3.0914; 2.6272; 2.0578; 2.3758; 1.8265; 1.2628; 1.183; 0.326; -0.566; 0.0217; 0.0069; -0.0153; 0.02; 0.00; -0.01;
21; 1.9783; 1.3960; 0.8255; 1.472; 0.582; -0.399; 0.0183; 0.0005; -0.0221; 0.02; 0.00; -0.02;
3; 4.68; -0.95; -9.03;
31; 0.46; -5.07; -12.20;
5; 47.00;
0; 09; 20:40:00; 14.03.2008; 3GC9,5;
1; 3.68; -2.46; -9.85; 5.3573; 4.8404; 4.3635;
2; 4.20; 0.00; -5.05; 2.9324; 2.4707; 1.9386; 2.0578; 1.5986; 1.0243; 1.342; 0.331; -0.566; 0.0250; 0.0068; -0.0120; 0.02; 0.00; -0.01;
21; 1.6603; 1.2205; 0.7858; 1.316; 0.568; -0.555; 0.0183; 0.0005; -0.0221; 0.02; 0.00; -0.02;
3; 5.74; -0.89; -10.09;
31; 0.46; -5.01; -13.25;
5; 47.00;
0; 09; 20:50:00; 14.03.2008; 3GC9,5;
1; 4.36; -2.49; -11.88; 4.9200; 4.4726; 3.8467;
2; 3.80; 0.01; -5.46; 2.7336; 2.3222; 1.7398; 1.8988; 1.4323; 0.9448; 1.024; 0.316; -0.407; 0.0217; 0.0067; -0.0120; 0.02; 0.00; -0.01;
21; 1.5410; 1.0726; 0.5870; 1.472; 0.560; -0.555; 0.0149; 0.0004; -0.0221; 0.01; 0.00; -0.01;
3; 5.74; -0.88; -11.14;
31; 1.52; -5.01; -14.31;
5; 47.00;
0; 09; 21:00:00; 14.03.2008; 3GC9,5;
1; 4.36; -2.50; -12.56; 4.6020; 4.2327; 3.6877;
2; 5.41; -0.03; -5.86; 2.6541; 2.1868; 1.6603; 1.7796; 1.3008; 0.7858; 1.183; 0.316; -0.725; 0.0250; 0.0069; -0.0153; 0.01; 0.00; -0.01;
21; 1.3820; 0.8824; 0.2690; 1.316; 0.552; -0.399; 0.0183; 0.0003; -0.0187; 0.01; 0.00; -0.01;
3; 5.74; -0.88; -7.98;
31; 1.52; -4.93; -13.25;
5; 47.00;
0; 09; 21:10:00; 14.03.2008; 3GC9,5;
1; 5.03; -2.54; -10.53; 4.5622; 4.1320; 3.5684;
2; 3.80; 0.07; -5.86; 2.3758; 1.9944; 1.4218; 1.6206; 1.1198; 0.6665; 1.024; 0.309; -0.566; 0.0217; 0.0067; -0.0153; 0.01; 0.00; -0.01;
21; 1.1038; 0.6827; 0.0702; 1.472; 0.549; -0.555; 0.0183; 0.0002; -0.0187; 0.01; 0.00; -0.01;
3; 5.74; -0.92; -6.92;
31; 1.52; -4.88; -12.20;
5; 47.00;
0; 09; 21:20:00; 14.03.2008; 3GC9,5;
1; 5.03; -2.50; -9.17; 4.3635; 3.9671; 3.3299;
2; 4.20; 0.09; -5.46; 2.2963; 1.8492; 1.4218; 1.4218; 1.0024; 0.3485; 1.183; 0.304; -0.407; 0.0250; 0.0068; -0.0120; 0.02; 0.00; 0.00;
21; 1.1833; 0.6994; 0.3087; 1.472; 0.540; -0.399; 0.0183; 0.0005; -0.0288; 0.01; 0.00; -0.02;
3; 5.74; -0.98; -9.03;
31; 1.52; -4.95; -12.20;
5; 47.00;
0; 09; 21:30:00; 14.03.2008; 3GC9,5;
1; 5.71; -2.56; -9.85; 4.2840; 3.7824; 3.4094;
2; 5.00; 0.11; -5.05; 2.3758; 1.7583; 1.0640; 1.2628; 0.8766; 0.3882; 1.183; 0.310; -0.407; 0.0250; 0.0066; -0.0153; 0.02; 0.00; -0.01;
21; 1.1038; 0.6303; 0.1895; 1.316; 0.532; -0.244; 0.0183; 0.0003; -0.0254; 0.01; 0.00; -0.02;
3; 5.74; -0.87; -6.92;
31; 1.52; -4.83; -12.20;
5; 47.00;
0; 09; 21:40:00; 14.03.2008; 3GC9,5;
1; 4.36; -2.54; -12.56; 4.2442; 3.8056; 3.1709;
2; 3.80; 0.17; -4.65; 2.2566; 1.7895; 1.1038; 1.3423; 0.8785; 0.1497; 1.183; 0.298; -0.725; 0.0250; 0.0069; -0.0120; 0.02; 0.00; -0.01;
21; 0.9448; 0.5444; 0.0702; 1.628; 0.514; -0.555; 0.0183; 0.0004; -0.0187; 0.01; 0.00; -0.02;
3; 5.74; -1.20; -6.92;
31; 1.52; -5.08; -15.36;
5; 47.00;
0; 09; 21:50:00; 14.03.2008; 3GC9,5;
1; 5.71; -2.56; -13.23; 4.0057; 3.5519; 2.9721;
2; 4.60; 0.19; -4.65; 1.9386; 1.4975; 0.9845; 1.1833; 0.7361; 0.0702; 1.024; 0.295; -0.566; 0.0250; 0.0068; -0.0153; 0.02; 0.00; -0.01;
21; 0.7858; 0.3426; -0.2876; 1.316; 0.504; -0.555; 0.0183; 0.0005; -0.0187; 0.01; 0.00; -0.02;
3; 4.68; -1.24; -9.03;
31; 0.46; -5.15; -12.20;
5; 47.00;
0; 09; 22:00:00; 14.03.2008; 3GC9,5;
1; 5.71; -2.47; -9.85; 3.8069; 3.3592; 2.9324;
2; 5.00; 0.23; -5.46; 1.8193; 1.3186; 0.8255; 0.9845; 0.5751; 0.1100; 1.183; 0.284; -0.725; 0.0217; 0.0068; -0.0153; 0.02; 0.00; -0.01;
21; 0.5870; 0.2030; -0.3273; 1.316; 0.499; -0.555; 0.0183; 0.0004; -0.0221; 0.01; 0.00; -0.01;
3; 3.63; -1.31; -6.92;
31; 0.46; -5.24; -13.25;
5; 47.00;
0; 09; 22:10:00; 14.03.2008; 3GC9,5;
1; 3.68; -2.50; -9.85; 3.7672; 3.2850; 2.7336;
2; 4.20; 0.29; -5.46; 1.7796; 1.3596; 0.7858; 0.8653; 0.4668; -0.0093; 1.024; 0.285; -0.725; 0.0250; 0.0068; -0.0120; 0.01; 0.00; -0.01;
21; 0.4677; 0.1010; -0.3671; 1.316; 0.489; -0.244; 0.0183; 0.0006; -0.0221; 0.01; 0.00; -0.01;
3; 4.68; -1.33; -7.98;
31; 1.52; -5.35; -14.31;
5; 47.00;
0; 09; 22:20:00; 14.03.2008; 3GC9,5;
1; 4.36; -2.56; -9.85; 3.7274; 3.2669; 2.7734;
2; 5.41; 0.27; -5.86; 1.8591; 1.4114; 0.9845; 0.9050; 0.4991; -0.1286; 1.183; 0.281; -0.725; 0.0250; 0.0069; -0.0120; 0.02; 0.00; -0.01;
21; 0.6665; 0.1351; -0.3273; 1.472; 0.484; -0.399; 0.0183; 0.0005; -0.0221; 0.01; 0.00; -0.01;
3; 5.74; -1.40; -7.98;
31; 0.46; -5.42; -14.31;
5; 31.00;
0; 09; 22:30:00; 14.03.2008; 3GC9,5;
1; 4.36; -2.55; -9.85; 3.5287; 3.1536; 2.6541;
2; 4.60; 0.34; -4.65; 2.0181; 1.4962; 0.9845; 1.0243; 0.6024; 0.0305; 1.183; 0.272; -0.407; 0.0250; 0.0069; -0.0221; 0.01; 0.00; -0.01;
21; 0.5870; 0.1695; -0.3671; 1.472; 0.450; -0.555; 0.0183; 0.0005; -0.0221; 0.01; 0.00; -0.02;
3; 4.68; -1.33; -9.03;
31; 0.46; -5.37; -12.20;
5; 47.00;
0; 09; 22:40:00; 14.03.2008; 3GC9,5;
1; 3.68; -2.53; -10.53; 3.3697; 2.9812; 2.2566;
2; 5.41; 0.38; -3.04; 1.8193; 1.3235; 0.6267; 0.9845; 0.5883; 0.0305; 1.024; 0.254; -0.725; 0.0250; 0.0068; -0.0120; 0.01; 0.00; -0.01;
21; 0.5870; 0.1055; -0.4466; 1.160; 0.410; -0.711; 0.0217; 0.0006; -0.0221; 0.01; 0.00; -0.02;
3; 4.68; -1.37; -9.03;
31; 0.46; -5.38; -13.25;
5; 47.00;
0; 09; 22:50:00; 14.03.2008; 3GC9,5;
1; 3.68; -2.52; -10.53; 3.0516; 2.6657; 2.1771;
2; 4.60; 0.38; -3.85; 1.3820; 0.9919; 0.3087; 0.9050; 0.4036; -0.0490; 1.024; 0.257; -0.725; 0.0250; 0.0069; -0.0153; 0.02; 0.00; -0.01;
21; 0.4280; 0.0162; -0.4863; 1.160; 0.411; -0.555; 0.0183; 0.0006; -0.0221; 0.01; 0.00; -0.01;
3; 4.68; -1.39; -9.03;
31; -0.59; -5.29; -12.20;
5; 47.00;
0; 09; 23:00:00; 14.03.2008; 3GC9,5;
1; 4.36; -2.53; -11.20; 3.1311; 2.6524; 2.2168;
2; 4.20; 0.45; -4.25; 1.5410; 1.1269; 0.6267; 0.7460; 0.3563; -0.2478; 1.183; 0.270; -0.407; 0.0284; 0.0068; -0.0120; 0.02; 0.00; -0.01;
21; 0.4677; -0.0234; -0.5261; 1.316; 0.418; -0.555; 0.0183; 0.0006; -0.0187; 0.01; 0.00; -0.02;
3; 5.74; -1.28; -9.03;
31; 0.46; -5.43; -13.25;
5; 47.00;
