0; 09; 03:50:00; 03.06.2008; 3GC9,5;
1; 2.33; -1.90; -6.47; 11.1611; 10.9079; -62.5000;
2; 1.79; -0.34; -328.95; 9.6505; 9.2678; -62.5000; 9.0542; 8.7492; -62.5000; 1.024; 0.200; -130.000; 0.0217; 0.0053; -2.7500; 357.50; 0.25; -1.07;
21; 8.6965; 8.3472; 8.1002; 1.160; 0.349; -127.500; 0.0116; -0.0011; -2.7500; 350.62; 0.05; -1.05;
3; 4.68; -1.65; -862.50;
31; -0.59; -6.04; -862.50;
5; 47.00;
0; 09; 04:00:00; 03.06.2008; 3GC9,5;
1; 5.03; -1.89; -8.50; 11.1214; 10.8082; 10.4853;
2; 2.59; -0.22; -3.44; 9.4915; 9.1069; 8.6965; 9.0940; 8.7138; 8.3785; 1.024; 0.297; -0.407; 0.0217; 0.0077; -0.0053; 0.01; 0.00; 0.00;
21; 8.5772; 8.2481; 7.7822; 1.316; 0.370; -0.399; 0.0149; -0.0002; -0.0120; 0.01; 0.00; -0.01;
3; 3.63; -0.82; -6.92;
31; -0.59; -5.67; -11.14;
5; 47.00;
0; 09; 04:10:00; 03.06.2008; 3GC9,5;
1; 3.68; -1.89; -7.15; 11.0021; 10.6643; 10.2866;
2; 3.40; -0.20; -3.85; 9.2928; 8.9379; 8.5375; 8.9350; 8.5511; 8.1399; 1.024; 0.296; -0.248; 0.0250; 0.0077; -0.0053; 0.01; 0.00; 0.00;
21; 8.4182; 8.0113; 7.5834; 1.160; 0.375; -0.399; 0.0149; -0.0003; -0.0187; 0.01; 0.00; -0.01;
3; 5.74; -0.80; -4.81;
31; -0.59; -5.61; -11.14;
5; 47.00;
0; 09; 04:20:00; 03.06.2008; 3GC9,5;
1; 4.36; -1.91; -7.82; 10.9226; 10.5770; 10.2071;
2; 3.80; -0.20; -3.04; 9.1337; 8.7381; 8.2194; 8.6965; 8.3209; 7.9014; 1.024; 0.297; -0.248; 0.0250; 0.0077; -0.0086; 0.01; 0.00; 0.00;
21; 8.1002; 7.7083; 7.4244; 1.160; 0.387; -0.244; 0.0149; -0.0003; -0.0153; 0.01; 0.00; -0.01;
3; 4.68; -0.75; -5.87;
31; -0.59; -5.58; -11.14;
5; 47.00;
0; 09; 04:30:00; 03.06.2008; 3GC9,5;
1; 4.36; -1.95; -7.15; 10.8431; 10.5560; 10.2071;
2; 3.80; -0.16; -3.04; 9.1337; 8.7217; 8.3387; 8.4580; 8.1385; 7.7424; 1.024; 0.310; -0.248; 0.0250; 0.0077; -0.0086; 0.01; 0.00; 0.00;
21; 7.8617; 7.5259; 7.1859; 1.160; 0.426; -0.244; 0.0149; -0.0004; -0.0153; 0.01; 0.00; -0.01;
3; 4.68; -0.83; -5.87;
31; -0.59; -5.64; -11.14;
5; 47.00;
0; 09; 04:40:00; 03.06.2008; 3GC9,5;
1; 4.36; -1.91; -7.82; 10.8431; 10.5056; 10.1673;
2; 3.40; -0.16; -3.44; 8.9747; 8.6161; 8.2592; 8.4580; 8.0473; 7.7027; 1.183; 0.334; -0.407; 0.0217; 0.0076; -0.0086; 0.01; 0.00; 0.00;
21; 7.8617; 7.5136; 7.2256; 1.160; 0.542; -0.244; 0.0183; -0.0003; -0.0153; 0.01; 0.00; -0.01;
3; 4.68; -0.84; -5.87;
31; 0.46; -5.68; -11.14;
5; 47.00;
0; 09; 04:50:00; 03.06.2008; 3GC9,5;
1; 4.36; -1.93; -7.15; 10.8033; 10.4255; 10.0878;
2; 3.40; -0.16; -3.44; 9.0145; 8.6012; 8.2194; 8.3387; 7.9953; 7.6232; 1.024; 0.414; -0.248; 0.0217; 0.0076; -0.0053; 0.01; 0.00; 0.00;
21; 7.9412; 7.4996; 7.1461; 1.628; 0.830; -0.088; 0.0149; -0.0003; -0.0187; 0.01; 0.00; -0.02;
3; 3.63; -0.78; -6.92;
31; 0.46; -5.63; -11.14;
5; 47.00;
0; 09; 05:00:00; 03.06.2008; 3GC9,5;
1; 3.00; -1.92; -7.82; 10.6841; 10.2526; 9.9685;
2; 2.99; -0.18; -3.04; 8.9747; 8.5761; 8.1797; 8.4182; 8.0671; 7.7424; 1.660; 0.791; -0.248; 0.0250; 0.0076; -0.0053; 0.02; 0.01; 0.00;
21; 7.9412; 7.5648; 7.1859; 4.123; 2.112; 0.692; 0.0149; -0.0004; -0.0086; 0.04; 0.00; -0.02;
3; 5.74; -0.79; -5.87;
31; 0.46; -5.68; -11.14;
5; 47.00;
0; 09; 05:10:00; 03.06.2008; 3GC9,5;
1; 4.36; -1.90; -7.15; 10.4853; 10.2042; 9.8890;
2; 3.80; -0.14; -3.44; 8.9350; 8.5298; 8.1797; 8.3387; 7.9935; 7.6629; 6.271; 2.975; 0.865; 0.0217; 0.0077; -0.0053; 0.09; 0.02; -0.01;
21; 7.8617; 7.4508; 7.1461; 19.406; 9.272; 3.343; 0.0183; -0.0003; -0.0153; 0.29; 0.00; -0.26;
3; 3.63; -0.86; -6.92;
31; 0.46; -5.73; -11.14;
5; 47.00;
0; 09; 05:20:00; 03.06.2008; 3GC9,5;
1; 3.68; -1.91; -7.15; 10.4853; 10.1110; 9.7300;
2; 3.40; -0.02; -3.44; 8.9350; 8.5318; 8.1002; 8.2989; 8.0074; 7.6629; 37.119; 16.968; 6.112; 0.0250; 0.0076; -0.0086; 0.75; 0.13; -0.18;
21; 7.9412; 7.5786; 7.2654; 93.327; 47.205; 19.406; 0.0183; -0.0001; -0.0153; 1.64; 0.00; -1.04;
3; 4.68; -0.74; -4.81;
31; -0.59; -5.68; -12.20;
5; 47.00;
0; 09; 05:30:00; 03.06.2008; 3GC9,5;
1; 2.33; -1.74; -7.15; 10.3661; 9.9999; 9.6108;
2; 4.20; 0.46; -3.04; 8.7362; 8.3704; 7.9412; 8.3785; 8.0002; 7.7027; 134.592; 78.818; 37.278; 0.0250; 0.0080; -0.0019; 2.45; 0.63; -0.25;
21; 8.0207; 7.5005; 7.1461; 216.685; 159.248; 93.483; 0.0149; 0.0002; -0.0153; 3.21; 0.04; -2.93;
3; 4.68; -0.74; -5.87;
31; -1.65; -5.74; -11.14;
5; 47.00;
0; 09; 05:40:00; 03.06.2008; 3GC9,5;
1; 6.39; 0.27; -4.44; 10.2866; 9.9199; 9.5710;
2; 6.21; 2.06; -1.43; 8.7362; 8.3232; 7.9412; 8.2592; 7.9027; 7.5834; 225.704; 189.263; 134.751; 0.0217; 0.0092; -0.0053; 4.85; 1.77; -1.18;
21; 7.7424; 7.3495; 6.9474; 246.004; 209.303; 134.343; 0.0418; 0.0129; -0.0053; 8.44; 2.58; -1.14;
3; 3.63; -0.75; -5.87;
31; -0.59; -5.74; -12.20;
5; 47.00;
0; 09; 05:50:00; 03.06.2008; 3GC9,5;
1; 11.80; 4.01; -1.06; 10.1673; 9.7741; 9.3325;
2; 10.64; 5.08; 0.98; 8.7362; 8.2985; 7.9014; 8.1399; 7.8927; 7.5437; 296.622; 232.996; 133.797; 0.0486; 0.0252; 0.0048; 10.47; 5.78; 1.10;
21; 7.7424; 7.4481; 7.0666; 321.796; 292.067; 200.778; 0.0654; 0.0192; 0.0048; 14.30; 5.57; 1.45;
3; 4.68; -0.72; -5.87;
31; -0.59; -5.71; -11.14;
5; 47.00;
0; 09; 06:00:00; 03.06.2008; 3GC9,5;
1; 16.53; 8.78; 1.65; 10.0878; 9.7851; 9.4518;
2; 13.86; 8.95; 3.80; 8.6170; 8.2560; 7.8219; 8.2194; 7.8376; 7.5437; 342.735; 321.928; 199.786; 0.0721; 0.0226; 0.0082; 16.62; 7.23; 2.56;
21; 7.5834; 7.3135; 6.9871; 349.712; 332.991; 204.833; 0.1125; 0.0197; 0.0048; 27.70; 6.28; 1.56;
3; 4.68; -0.79; -5.87;
31; -0.59; -5.77; -12.20;
5; 47.00;
0; 09; 06:10:00; 03.06.2008; 3GC9,5;
1; 23.97; 15.32; 8.41; 10.2468; 9.8771; 9.5313;
2; 17.88; 13.33; 7.82; 8.8157; 8.4202; 7.9412; 8.2592; 7.8894; 7.5039; 362.929; 346.662; 202.648; 0.1158; 0.0264; 0.0048; 31.86; 8.72; 1.71;
21; 7.9014; 7.4507; 7.0269; 367.646; 345.308; 164.285; 0.1831; 0.0374; 0.0048; 47.66; 11.63; 1.71;
3; 4.68; -0.78; -6.92;
31; 55.32; -5.55; -19.58;
5; 47.00;
0; 09; 06:20:00; 03.06.2008; 3GC9,5;
1; 31.42; 22.37; 13.83; 10.3661; 9.9686; 9.6505;
2; 24.72; 18.74; 14.26; 8.8555; 8.4881; 8.1002; 8.3785; 8.0338; 7.7424; 376.127; 355.100; 164.167; 0.1562; 0.0377; 0.0048; 42.20; 12.06; 1.81;
21; 7.9809; 7.5940; 7.2654; 381.214; 358.665; 167.092; 0.2739; 0.0643; 0.0015; 81.90; 21.82; 0.54;
3; 64.82; -0.67; -9.03;
31; 153.43; -5.20; -19.58;
5; 47.00;
0; 09; 06:30:00; 03.06.2008; 3GC9,5;
1; 64.57; 41.44; 23.30; 10.6046; 10.1592; 9.7300;
2; 31.56; 26.48; 20.29; 9.2928; 8.7628; 8.2194; 8.8157; 8.2739; 7.8219; 386.304; 366.088; 166.076; 0.2403; 0.0670; 0.0082; 73.47; 23.21; 3.10;
21; 8.1797; 7.7689; 7.4244; 385.113; 318.986; 165.533; 0.3277; 0.2380; 0.0015; 99.46; 73.07; 0.56;
3; 77.48; 0.28; -10.09;
31; 160.82; 35.23; -19.58;
5; 47.00;
0; 09; 06:40:00; 03.06.2008; 3GC9,5;
1; 106.51; 89.58; 59.83; 11.0021; 10.5744; 10.0480;
2; 46.04; 39.00; 28.34; 9.6903; 9.1401; 8.5772; 9.4120; 8.9867; 8.4182; 393.459; 340.140; 231.587; 0.3345; 0.2042; 0.0082; 109.09; 63.99; 3.19;
21; 8.7760; 8.2591; 7.8219; 298.404; 297.983; 297.468; 0.4724; 0.4140; 0.3143; 140.81; 123.38; 93.64;
3; 237.83; 44.85; -9.03;
31; 104.90; 88.28; 58.49;
5; 63.00;
0; 09; 06:50:00; 03.06.2008; 3GC9,5;
1; 159.28; 131.14; 103.13; 11.6381; 11.0530; 10.6443;
2; 73.40; 56.46; 41.62; 10.2866; 9.6258; 9.2133; 10.0480; 9.5221; 9.0542; 352.276; 320.264; 229.202; 0.5632; 0.4265; 0.3210; 192.39; 137.32; 97.83;
21; 9.6505; 8.8969; 8.3387; 335.208; 304.560; 224.795; 0.7549; 0.5908; 0.4018; 234.93; 180.26; 119.80;
3; 180.86; 124.37; 73.26;
31; 192.47; 142.73; 26.84;
5; 47.00;
0; 09; 07:00:00; 03.06.2008; 3GC9,5;
1; 178.90; 169.91; 156.57; 11.8767; 11.4428; 11.0816;
2; 83.46; 74.42; 60.13; 10.8431; 10.3587; 9.9685; 10.8033; 10.2813; 9.6903; 366.745; 345.666; 320.951; 0.6271; 0.5459; 0.4152; 215.41; 188.52; 149.15;
21; 10.5251; 9.9661; 9.2133; 330.998; 314.136; 297.468; 0.8659; 0.7705; 0.6305; 273.67; 241.97; 206.14;
3; 210.40; 181.50; 135.50;
31; 223.06; 201.63; 157.65;
5; 47.00;
0; 09; 07:10:00; 03.06.2008; 3GC9,5;
1; 194.46; 176.76; 160.63; 12.4332; 11.8540; 11.3599;
2; 63.35; 58.68; 53.69; 10.8431; 10.3638; 9.9685; 10.9624; 10.5984; 10.2468; 366.268; 348.100; 328.742; 0.4455; 0.3980; 0.3378; 151.19; 138.55; 123.42;
21; 10.3263; 9.9882; 9.5710; 339.731; 320.121; 303.238; 0.6675; 0.6242; 0.5666; 211.91; 199.79; 188.68;
3; 139.72; 124.66; 98.57;
31; 172.42; 160.98; 139.72;
5; 47.00;
0; 09; 07:20:00; 03.06.2008; 3GC9,5;
1; 222.20; 203.16; 190.40; 12.9500; 12.3499; 11.8369;
2; 74.21; 68.42; 61.33; 11.5984; 11.0396; 10.4853; 11.3599; 10.9218; 10.4058; 403.318; 346.906; 193.902; 0.5430; 0.4420; 0.0250; 189.62; 153.11; 9.42;
21; 11.0419; 10.4054; 9.9288; 413.184; 324.093; 240.858; 0.7785; 0.6659; 0.0183; 254.15; 215.62; 4.60;
3; 165.04; 141.35; -7.98;
31; 199.85; 175.88; -20.64;
5; 47.00;
0; 09; 07:30:00; 03.06.2008; 3GC9,5;
1; 251.29; 232.22; 214.75; 13.2282; 12.8171; 12.4729;
2; 76.22; 67.96; 58.12; 11.8767; 11.4579; 11.0021; 12.2742; 11.5560; 10.9624; 370.880; 352.339; 331.763; 0.5868; 0.5253; 0.4589; 208.28; 185.12; 165.80;
21; 11.8369; 11.2198; 10.5648; 346.593; 328.231; 309.788; 0.9231; 0.7893; 0.6708; 300.42; 259.06; 230.59;
3; 203.02; 177.53; 146.05;
31; 240.99; 216.38; 174.53;
5; 47.00;
0; 09; 07:40:00; 03.06.2008; 3GC9,5;
1; 283.08; 263.67; 241.14; 14.0233; 13.3950; 12.6320;
2; 79.44; 64.91; 56.91; 13.1487; 12.1153; 11.2009; 13.2680; 12.4074; 11.6779; 375.173; 353.583; 334.308; 0.7886; 0.6470; 0.5296; 274.66; 228.66; 193.63;
21; 13.1090; 12.2336; 11.5189; 345.969; 326.545; 308.852; 1.1182; 0.9893; 0.8727; 368.56; 323.17; 284.22;
3; 270.53; 226.98; 173.48;
31; 319.06; 275.97; 230.45;
5; 47.00;
0; 09; 07:50:00; 03.06.2008; 3GC9,5;
1; 312.17; 295.22; 278.35; 14.6196; 14.1240; 13.7053;
2; 134.16; 102.71; 76.22; 15.7724; 14.2456; 12.9102; 14.5401; 13.5941; 12.6717; 366.904; 349.056; 330.173; 1.0644; 0.8944; 0.7112; 383.98; 312.07; 259.91;
21; 14.5798; 13.6084; 12.7115; 425.192; 326.612; 247.563; 1.5992; 1.2387; 0.0048; 582.29; 403.90; 1.34;
3; 379.20; 321.26; 261.04;
31; 386.58; 351.95; -33.30;
5; 47.00;
0; 09; 08:00:00; 03.06.2008; 3GC9,5;
1; 347.35; 326.13; 304.73; 15.8519; 15.0881; 14.2618;
2; 173.59; 153.89; 131.34; 18.1575; 16.8803; 15.4146; 16.4482; 15.2610; 14.1028; 414.130; 352.004; 239.697; 1.3099; 1.1532; 0.0217; 465.68; 405.85; 8.65;
21; 16.8457; 15.4378; 14.3016; 353.611; 333.364; 314.311; 1.6968; 1.4941; 1.2729; 582.78; 497.86; 443.95;
3; 484.69; 426.52; -9.03;
31; 501.57; 444.20; 382.36;
5; 47.00;
0; 09; 08:10:00; 03.06.2008; 3GC9,5;
1; 375.77; 356.77; 340.59; 16.4482; 15.8465; 15.2159;
2; 207.39; 188.61; 171.18; 20.1451; 18.9796; 17.8793; 18.5153; 17.2177; 16.0109; 378.353; 357.325; 339.078; 1.6127; 1.4080; 1.1619; 578.00; 503.02; 434.82;
21; 19.5489; 17.8978; 16.5674; 347.061; 327.848; 310.880; 2.0937; 1.8529; 1.6093; 681.22; 607.21; 551.48;
3; 595.46; 530.81; 457.26;
31; 604.96; 543.49; 483.64;
5; 47.00;
0; 09; 08:20:00; 03.06.2008; 3GC9,5;
1; 404.86; 388.73; 369.68; 17.1637; 16.4785; 15.8519;
2; 244.81; 225.63; 205.78; 22.2520; 20.8950; 19.9066; 20.2247; 19.0905; 17.9190; 372.152; 355.215; 338.124; 1.8784; 1.7133; 1.4781; 666.19; 608.57; 546.80;
21; 22.0533; 20.6879; 19.3103; 340.823; 320.108; 301.211; 2.5377; 2.2595; 1.9221; 802.79; 722.94; 651.51;
3; 695.69; 649.92; 579.64;
31; 710.45; 652.06; 585.97;
5; 47.00;
0; 09; 08:30:00; 03.06.2008; 3GC9,5;
1; 436.65; 418.20; 397.41; 17.6408; 17.1178; 16.6469;
2; 281.82; 261.78; 240.78; 24.2396; 22.9633; 21.8943; 22.2520; 21.1078; 19.9066; 416.833; 352.352; 242.559; 2.2450; 2.0061; 0.0217; 813.41; 706.17; 9.02;
21; 24.2794; 23.0011; 21.6955; 429.403; 321.593; 250.527; 2.9480; 2.5804; 0.0183; 1099.00; 828.91; 7.84;
3; 825.45; 758.15; -6.92;
31; 815.95; 750.97; -17.47;
5; 47.00;
0; 09; 08:40:00; 03.06.2008; 3GC9,5;
1; 467.77; 449.93; 432.59; 17.7203; 17.2406; 16.9252;
2; 320.05; 299.55; 279.81; 25.6707; 24.5191; 23.6036; 24.0409; 22.9545; 21.8943; 372.629; 355.192; 335.421; 2.5377; 2.2869; 2.0062; 881.86; 812.25; 735.09;
21; 26.5850; 25.2313; 23.9216; 337.080; 319.471; 302.770; 3.2407; 2.9597; 2.6520; 1030.20; 945.45; 877.82;
3; 937.27; 871.11; 773.75;
31; 903.51; 859.69; 800.13;
5; 47.00;
0; 09; 08:50:00; 03.06.2008; 3GC9,5;
1; 502.27; 484.14; 465.07; 17.8395; 17.4745; 17.0445;
2; 360.28; 339.15; 317.63; 28.0161; 26.5497; 25.1937; 26.1875; 24.8457; 23.6831; 371.357; 353.180; 335.739; 2.8269; 2.6044; 2.2820; 1001.09; 919.75; 840.92;
21; 28.3341; 27.3002; 26.0683; 337.080; 319.976; 304.018; 3.6611; 3.3161; 2.9077; 1164.44; 1060.92; 976.49;
3; 1054.37; 987.13; 909.84;
31; 1014.29; 965.57; 878.19;
5; 47.00;
0; 09; 09:00:00; 03.06.2008; 3GC9,5;
1; 531.37; 514.14; 498.89; 18.0780; 17.6633; 17.2830;
2; 396.09; 376.58; 358.27; 29.6062; 28.4016; 27.4993; 28.0559; 26.9707; 25.8297; 368.972; 350.954; 332.081; 3.1633; 2.9013; 2.5175; 1109.13; 1018.05; 921.68;
21; 30.7590; 29.5117; 28.1751; 430.183; 316.084; 252.086; 4.4112; 3.6921; 0.0183; 1352.79; 1165.06; 7.86;
3; 1145.10; 1093.60; 1001.63;
31; 1110.29; 1060.90; -26.97;
5; 47.00;
0; 09; 09:10:00; 03.06.2008; 3GC9,5;
1; 566.54; 544.00; 522.57; 18.1575; 17.5862; 17.1240;
2; 437.53; 413.96; 394.48; 30.2820; 29.1451; 27.9366; 29.4870; 28.5767; 27.6981; 416.038; 348.851; 242.241; 3.5131; 3.1865; 0.0250; 1286.18; 1110.77; 10.40;
21; 32.9454; 31.7402; 30.5205; 325.383; 308.897; 292.322; 4.4718; 4.1399; 3.7822; 1383.90; 1278.78; 1210.54;
3; 1263.26; 1189.70; -5.87;
31; 1217.89; 1165.27; 1087.08;
5; 47.00;
0; 09; 09:20:00; 03.06.2008; 3GC9,5;
1; 595.63; 578.45; 559.78; 18.2768; 17.8104; 17.4022;
2; 472.54; 454.86; 436.33; 30.7590; 29.2223; 27.2211; 30.5603; 29.8923; 28.9304; 365.473; 347.538; 330.173; 3.7688; 3.5285; 3.1297; 1312.67; 1226.22; 1130.28;
21; 34.8138; 33.7194; 32.6274; 325.695; 307.816; 290.450; 4.9259; 4.5341; 4.0749; 1517.53; 1395.43; 1318.22;
3; 1365.59; 1314.60; 1226.33;
31; 1310.73; 1271.09; 1203.12;
5; 47.00;
0; 09; 09:30:00; 03.06.2008; 3GC9,5;
1; 626.75; 607.99; 588.19; 18.4755; 17.9657; 17.3625;
2; 515.19; 492.30; 469.32; 32.7069; 30.2523; 27.8969; 31.8323; 30.8519; 30.1627; 365.632; 346.899; 329.855; 4.1085; 3.8158; 3.3147; 1422.65; 1323.55; 1207.74;
21; 36.2449; 35.1403; 34.3367; 323.356; 306.233; 290.450; 5.3261; 4.8999; 4.3911; 1617.58; 1500.23; 1412.81;
3; 1473.20; 1419.30; 1300.18;
31; 1412.01; 1361.83; 1283.30;
5; 47.00;
0; 09; 09:40:00; 03.06.2008; 3GC9,5;
1; 653.82; 637.28; 619.99; 18.9923; 18.4943; 17.9985;
2; 551.00; 530.03; 510.36; 33.0249; 31.8619; 30.9180; 32.7466; 32.2110; 31.3951; 416.356; 341.743; 245.103; 4.5054; 4.1399; 0.0217; 1723.95; 1413.41; 9.01;
21; 37.7157; 36.7999; 35.9268; 428.935; 304.204; 252.866; 5.8475; 5.2488; 0.0217; 2210.02; 1593.70; 9.29;
3; 1580.80; 1515.31; -5.87;
31; 1502.73; 1446.52; -26.97;
5; 47.00;
0; 09; 09:50:00; 03.06.2008; 3GC9,5;
1; 682.91; 665.89; 648.40; 18.8731; 18.4557; 17.9190;
2; 588.82; 567.48; 546.17; 32.7864; 31.3524; 29.0099; 33.5019; 32.8906; 32.3094; 358.477; 340.421; 321.428; 4.7409; 4.4614; 4.0311; 1613.56; 1518.61; 1438.02;
21; 39.3058; 38.0780; 37.0797; 317.742; 300.883; 285.304; 6.0460; 5.6651; 5.1580; 1833.42; 1704.42; 1627.87;
3; 1681.02; 1627.47; 1545.99;
31; 1594.52; 1546.75; 1479.53;
5; 47.00;
0; 09; 10:00:00; 03.06.2008; 3GC9,5;
1; 706.58; 691.61; 677.49; 18.5551; 18.1602; 17.7998;
2; 618.59; 601.73; 584.39; 32.6671; 30.9992; 29.2882; 34.2572; 33.8034; 33.1044; 359.431; 342.152; 323.336; 4.9763; 4.6873; 4.2531; 1712.48; 1603.68; 1464.62;
21; 40.0213; 39.5045; 38.9480; 318.365; 302.427; 285.616; 6.3521; 5.9254; 5.4775; 1919.54; 1791.91; 1720.26;
3; 1765.42; 1717.42; 1628.28;
31; 1671.53; 1625.78; 1567.09;
5; 47.00;
0; 09; 10:10:00; 03.06.2008; 3GC9,5;
1; 744.47; 720.98; 699.14; 18.9923; 18.3127; 17.7600;
2; 660.03; 638.75; 616.58; 35.8076; 33.6518; 32.1106; 35.3305; 34.4212; 33.8200; 415.402; 340.289; 246.852; 5.5381; 4.9664; 0.0217; 2114.69; 1688.83; 7.18;
21; 42.3270; 40.6051; 39.5840; 430.339; 301.410; 257.077; 7.1493; 6.2354; 0.0250; 2703.30; 1875.90; 10.76;
3; 1861.42; 1807.70; -5.87;
31; 1747.49; 1701.61; -25.91;
5; 47.00;
0; 09; 10:20:00; 03.06.2008; 3GC9,5;
1; 753.94; 741.52; 728.91; 19.4296; 18.9404; 18.3563;
2; 681.36; 668.02; 651.99; 36.8014; 35.9575; 34.8933; 37.1592; 36.2637; 35.0920; 354.979; 338.024; 321.269; 5.4742; 5.1827; 4.6938; 1856.76; 1751.76; 1605.94;
21; 43.8773; 42.9937; 41.8499; 312.751; 294.608; 277.662; 7.0988; 6.6359; 6.0392; 2085.10; 1954.72; 1854.26;
3; 1907.84; 1874.51; 1782.30;
31; 1806.56; 1772.34; 1711.62;
5; 47.00;
0; 09; 10:30:00; 03.06.2008; 3GC9,5;
1; 786.41; 764.98; 746.50; 19.7476; 19.3305; 18.8333;
2; 722.00; 700.20; 676.93; 38.5902; 37.5447; 35.4896; 38.5902; 37.7376; 36.8809; 353.389; 335.215; 317.612; 5.8004; 5.4436; 4.8956; 1942.40; 1824.50; 1711.40;
21; 45.6662; 44.5187; 43.2810; 310.256; 293.811; 279.222; 7.3376; 6.9046; 6.3689; 2173.22; 2028.56; 1893.47;
3; 2003.84; 1950.68; 1849.82;
31; 1884.63; 1837.76; 1786.52;
5; 47.00;
0; 09; 10:40:00; 03.06.2008; 3GC9,5;
1; 808.74; 789.23; 771.53; 20.3837; 19.8076; 18.9526;
2; 753.78; 732.15; 713.95; 41.3729; 39.7184; 37.9542; 40.5381; 39.4580; 38.3517; 352.594; 333.706; 317.612; 6.0292; 5.6526; 5.0907; 2031.76; 1886.14; 1780.64;
21; 47.8923; 46.7332; 45.6264; 307.917; 291.162; 275.479; 7.6874; 7.2099; 6.5976; 2239.29; 2098.98; 2013.00;
3; 2072.42; 2014.46; 1921.56;
31; 1953.21; 1900.33; 1837.16;
5; 63.00;
0; 09; 10:50:00; 03.06.2008; 3GC9,5;
1; 832.42; 814.92; 801.30; 20.3042; 19.5951; 18.9923;
2; 786.77; 765.91; 752.17; 42.6052; 38.3778; 35.4498; 41.5319; 40.3675; 39.6636; 412.381; 331.512; 247.647; 6.3958; 5.9249; 0.0250; 2154.77; 1962.48; 8.85;
21; 49.5221; 47.8689; 46.8985; 424.880; 289.339; 258.480; 8.1718; 7.5403; 0.0217; 3179.33; 2178.25; 7.29;
3; 2136.77; 2094.09; -5.87;
31; 2008.06; 1970.39; -25.91;
5; 47.00;
0; 09; 11:00:00; 03.06.2008; 3GC9,5;
1; 847.30; 835.60; 823.62; 20.7414; 20.0109; 19.4296;
2; 808.90; 794.19; 780.34; 43.7978; 39.7622; 36.9604; 42.7642; 42.2255; 41.2934; 345.279; 327.764; 311.092; 6.5102; 6.1706; 5.5986; 2138.32; 2022.29; 1925.96;
21; 51.1122; 50.4235; 48.9656; 298.248; 284.610; 270.956; 8.3434; 7.8638; 7.3410; 2386.90; 2238.02; 2171.73;
3; 2194.79; 2156.89; 2066.09;
31; 2054.48; 2023.38; 1974.30;
5; 32.00;
0; 09; 11:10:00; 03.06.2008; 3GC9,5;
1; 868.95; 855.32; 840.54; 20.7812; 20.1741; 19.5091;
2; 839.08; 820.52; 805.28; 44.2351; 40.9740; 38.4312; 44.1158; 43.1525; 42.4065; 342.258; 327.539; 311.569; 6.6952; 6.3442; 5.8879; 2184.29; 2077.86; 2009.56;
21; 51.9073; 51.1990; 50.5159; 298.872; 284.933; 271.892; 8.5519; 8.0697; 7.5495; 2418.55; 2299.23; 2239.31;
3; 2244.38; 2214.32; 2154.70;
31; 2109.34; 2077.16; 2035.49;
5; 47.00;
0; 09; 11:20:00; 03.06.2008; 3GC9,5;
1; 889.24; 870.04; 857.45; 21.4967; 21.0178; 20.4632;
2; 863.22; 842.11; 829.02; 45.0699; 44.2745; 43.3208; 46.0239; 45.0069; 43.6785; 406.180; 324.035; 242.877; 7.1795; 6.4840; 0.0250; 2658.61; 2099.19; 10.15;
21; 53.4576; 52.5859; 51.3905; 420.358; 284.309; 260.352; 8.8984; 8.1874; 0.0217; 3161.40; 2321.68; 9.10;
3; 2290.79; 2236.22; -6.92;
31; 2150.48; 2096.77; -25.91;
5; 47.00;
0; 09; 11:30:00; 03.06.2008; 3GC9,5;
1; 908.19; 895.85; 883.16; 21.5762; 21.0534; 20.5824;
2; 886.16; 873.40; 860.81; 46.1829; 44.4584; 42.0884; 46.5407; 46.0401; 45.5469; 336.375; 321.509; 306.481; 7.1022; 6.7754; 6.2713; 2297.55; 2178.25; 2069.99;
21; 54.7695; 53.9983; 53.0601; 293.725; 279.142; 265.966; 9.0867; 8.6305; 8.0171; 2547.13; 2409.01; 2344.72;
3; 2353.04; 2318.73; 2241.21;
31; 2201.12; 2173.87; 2122.00;
5; 47.00;
0; 09; 11:40:00; 03.06.2008; 3GC9,5;
1; 918.34; 909.18; 898.72; 21.2582; 20.7227; 19.9066;
2; 901.44; 891.87; 882.13; 44.7519; 43.1025; 41.1344; 46.6202; 46.1017; 45.6264; 336.852; 321.718; 306.163; 7.2367; 6.9189; 6.4328; 2345.92; 2225.80; 2157.69;
21; 55.3657; 54.5855; 54.0142; 292.010; 279.608; 266.746; 9.2448; 8.7701; 8.2694; 2584.24; 2452.05; 2392.81;
3; 2388.91; 2367.77; 2302.40;
31; 2228.55; 2211.67; 2173.69;
5; 47.00;
0; 09; 11:50:00; 03.06.2008; 3GC9,5;
1; 938.63; 924.54; 910.89; 21.4172; 20.6910; 19.8669;
2; 926.79; 911.54; 896.62; 47.0177; 44.2905; 40.8561; 47.7730; 47.0603; 46.0637; 336.852; 321.608; 306.163; 7.3645; 7.0112; 6.4698; 2374.25; 2254.74; 2148.67;
21; 56.5583; 55.7580; 54.8092; 419.734; 277.800; 261.131; 9.5879; 8.9270; 0.0217; 3459.76; 2473.84; 7.58;
3; 2421.61; 2396.80; 2307.67;
31; 2267.59; 2229.74; -24.86;
5; 47.00;
0; 09; 12:00:00; 03.06.2008; 3GC9,5;
1; 950.13; 937.79; 907.51; 22.4905; 21.6665; 20.9799;
2; 944.50; 930.66; 880.52; 51.7880; 49.7755; 46.9382; 50.1582; 48.8663; 47.5743; 403.159; 318.772; 224.750; 7.7614; 7.1015; 0.0250; 2768.75; 2261.64; 9.49;
21; 59.2217; 57.6918; 56.2005; 287.175; 273.140; 258.324; 9.7292; 9.1802; 8.6360; 2646.80; 2507.31; 2368.23;
3; 2435.32; 2404.79; -5.87;
31; 2276.02; 2259.86; 2137.82;
5; 47.00;
0; 09; 12:10:00; 03.06.2008; 3GC9,5;
1; 962.99; 952.15; 939.98; 22.6495; 22.2700; 21.8147;
2; 957.37; 948.57; 938.86; 51.7880; 49.8983; 48.2103; 50.9930; 50.4589; 49.8402; 330.650; 316.023; 302.983; 7.6168; 7.2837; 6.7793; 2421.63; 2301.71; 2221.15;
21; 60.1360; 59.3192; 58.5062; 285.460; 272.715; 260.040; 9.7595; 9.3079; 8.7470; 2667.77; 2538.30; 2428.64;
3; 2473.30; 2447.90; 2375.19;
31; 2310.84; 2287.82; 2244.38;
5; 47.00;
0; 09; 12:20:00; 03.06.2008; 3GC9,5;
1; 969.75; 962.23; 955.54; 22.6893; 22.0809; 21.3775;
2; 966.63; 960.35; 952.95; 48.4488; 46.7451; 45.3084; 50.8340; 49.9187; 49.2439; 331.445; 316.352; 300.439; 7.7446; 7.4256; 6.9407; 2458.79; 2348.98; 2246.53;
21; 59.8578; 58.4266; 57.7111; 289.826; 274.975; 259.104; 9.8873; 9.4070; 8.8277; 2712.51; 2586.54; 2523.25;
3; 2512.34; 2496.65; 2439.54;
31; 2345.65; 2330.62; 2299.23;
5; 47.00;
0; 09; 12:30:00; 03.06.2008; 3GC9,5;
1; 979.90; 971.12; 960.28; 22.1725; 21.4898; 21.0595;
2; 982.72; 973.77; 962.20; 51.3110; 49.0644; 46.5805; 52.1458; 50.7543; 49.5619; 400.932; 314.479; 247.329; 8.1954; 7.4807; 0.0250; 2538.59; 2350.51; 9.90;
21; 61.4876; 60.1240; 58.2279; 415.991; 274.641; 259.572; 9.9815; 9.3810; 0.0183; 3277.43; 2567.76; 6.58;
3; 2513.39; 2497.20; -6.92;
31; 2341.43; 2313.31; -25.91;
5; 31.00;
0; 09; 12:40:00; 03.06.2008; 3GC9,5;
1; 985.99; 977.14; 969.07; 23.0471; 22.2626; 21.5762;
2; 989.96; 983.12; 975.07; 53.4179; 51.5606; 50.0389; 54.0937; 53.0607; 52.0265; 325.085; 310.148; 294.714; 7.9094; 7.5884; 7.0820; 2470.78; 2353.39; 2241.56;
21; 62.7597; 61.9992; 61.0901; 283.276; 268.793; 255.517; 10.1665; 9.6550; 9.0228; 2745.15; 2595.04; 2497.94;
3; 2515.50; 2500.34; 2450.09;
31; 2355.15; 2337.62; 2302.40;
5; 31.00;
0; 09; 12:50:00; 03.06.2008; 3GC9,5;
1; 988.02; 981.97; 975.16; 22.7291; 21.8994; 21.2582;
2; 996.40; 992.02; 985.13; 50.0787; 46.8340; 43.1220; 54.0539; 52.9984; 51.9470; 328.265; 310.810; 295.032; 8.0171; 7.6974; 7.1829; 2521.31; 2392.32; 2336.39;
21; 62.1634; 61.4038; 60.7721; 284.212; 271.121; 258.948; 10.1732; 9.7111; 9.1775; 2767.01; 2632.78; 2514.51;
3; 2559.81; 2539.27; 2492.29;
31; 2379.41; 2369.90; 2334.05;
5; 47.00;
0; 09; 13:00:00; 03.06.2008; 3GC9,5;
1; 997.49; 989.39; 979.22; 22.3713; 21.5426; 20.9004;
2; 1006.86; 1000.06; 993.18; 49.8799; 45.7650; 42.6052; 53.1396; 52.3515; 51.7880; 328.106; 312.772; 297.894; 8.0339; 7.7119; 7.1963; 2530.02; 2411.98; 2343.09;
21; 62.6007; 61.8251; 61.1696; 413.808; 273.139; 256.765; 10.3145; 9.6338; 0.0217; 3996.32; 2623.84; 8.95;
3; 2571.42; 2558.47; 2497.57;
31; 2392.07; 2360.72; -24.86;
5; 47.00;
0; 09; 13:10:00; 03.06.2008; 3GC9,5;
1; 996.81; 985.11; 971.78; 22.9278; 22.3635; 21.6955;
2; 1009.68; 997.76; 983.52; 50.8737; 47.9970; 44.9506; 54.1334; 53.5851; 52.7421; 399.024; 312.194; 245.103; 8.3467; 7.6123; 0.0116; 2835.26; 2374.15; 4.45;
21; 63.7932; 63.0631; 62.2826; 283.588; 270.072; 256.297; 10.2505; 9.6994; 9.0733; 2757.20; 2619.43; 2532.85;
3; 2555.59; 2519.42; -4.81;
31; 2380.47; 2357.18; 2317.17;
5; 47.00;
0; 09; 13:20:00; 03.06.2008; 3GC9,5;
1; 1042.14; 979.82; 716.06; 22.7688; 22.3244; 22.0135;
2; 1060.37; 994.32; 727.63; 49.0054; 47.0486; 45.2289; 54.5309; 54.0593; 53.4179; 325.562; 309.043; 287.082; 8.2727; 7.6835; 5.8677; 2562.87; 2374.71; 1778.74;
21; 64.0715; 63.4585; 62.8789; 284.212; 269.485; 252.242; 10.4658; 9.7295; 8.6494; 2855.37; 2621.95; 2296.30;
3; 2672.69; 2519.40; 1901.51;
31; 2455.37; 2358.69; 2080.86;
5; 32.00;
0; 09; 13:30:00; 03.06.2008; 3GC9,5;
1; 1071.23; 672.39; 213.40; 22.5700; 22.1818; 21.5762;
2; 1090.95; 689.39; 217.04; 47.4550; 41.2749; 34.7343; 54.6502; 52.2075; 48.4886; 326.675; 300.529; 274.202; 8.6394; 5.3727; 1.7270; 2691.76; 1638.04; 503.67;
21; 64.3100; 59.0662; 53.1794; 428.467; 267.455; 241.793; 10.5196; 6.8897; 0.0250; 4340.14; 1858.86; 8.58;
3; 2845.71; 1740.02; 526.89;
31; 2606.23; 1673.46; -22.75;
5; 47.00;
0; 09; 13:40:00; 03.06.2008; 3GC9,5;
1; 1084.08; 930.47; 439.36; 21.9738; 21.6163; 21.2185;
2; 1110.27; 946.04; 421.44; 43.6388; 40.6140; 37.1989; 49.9594; 49.2408; 48.4886; 403.795; 291.302; 202.648; 9.2919; 7.4502; 0.0250; 3056.89; 2197.69; 10.08;
21; 59.1025; 57.2140; 55.2067; 286.395; 268.554; 247.719; 11.0141; 9.2667; 4.9763; 2996.36; 2498.82; 1250.58;
3; 2868.92; 2334.08; -4.81;
31; 2593.57; 2249.66; 1133.50;
5; 47.00;
0; 09; 13:50:00; 03.06.2008; 3GC9,5;
1; 1082.05; 891.75; 321.64; 22.5700; 21.7840; 20.9799;
2; 1107.85; 912.66; 335.34; 49.5221; 43.7696; 36.5629; 51.0725; 49.5981; 48.2501; 336.534; 273.547; 198.036; 9.2885; 7.1858; 2.8438; 2963.20; 2003.21; 654.06;
21; 59.3807; 57.8420; 56.3595; 274.075; 257.479; 230.253; 10.9132; 8.9418; 4.6601; 2890.62; 2311.38; 1129.70;
3; 2860.48; 2123.28; 696.74;
31; 2598.84; 2084.29; 1023.78;
5; 47.00;
0; 09; 14:00:00; 03.06.2008; 3GC9,5;
1; 1107.08; 909.80; 412.30; 22.9278; 22.2997; 21.6557;
2; 1129.98; 922.61; 421.84; 47.8923; 44.5162; 41.6114; 50.9135; 50.2643; 49.5221; 335.739; 274.099; 211.393; 9.4029; 7.2955; 3.5030; 2998.43; 2041.81; 805.13;
21; 59.5000; 57.1695; 55.2067; 281.093; 262.454; 237.583; 10.8459; 8.9066; 4.2094; 2925.11; 2350.12; 1052.60;
3; 2883.69; 2160.39; 862.37;
31; 2625.22; 2117.57; 952.04;
5; 47.00;
0; 09; 14:10:00; 03.06.2008; 3GC9,5;
1; 1093.55; 958.18; 290.52; 22.7291; 22.2062; 21.7750;
2; 1116.70; 973.04; 295.90; 48.4091; 45.8636; 42.6450; 52.6626; 51.7701; 50.7147; 403.159; 284.536; 233.655; 9.3323; 7.6686; 0.0217; 3392.17; 2184.92; 7.91;
21; 61.0503; 58.6760; 56.1210; 415.211; 265.251; 237.427; 11.0107; 8.6785; 0.0250; 4141.30; 2312.00; 10.38;
3; 2824.61; 2311.28; -4.81;
31; 2621.00; 2082.43; -22.75;
5; 32.00;
0; 09; 14:20:00; 03.06.2008; 3GC9,5;
1; 1112.50; 703.68; 285.11; 23.0471; 22.4031; 21.6955;
2; 1127.57; 712.18; 287.05; 45.3879; 39.1933; 35.3703; 51.9470; 48.8041; 47.1370; 339.714; 307.615; 272.771; 8.6360; 5.4634; 2.3022; 2793.43; 1726.66; 644.70;
21; 56.1608; 50.8066; 46.8190; 296.064; 269.629; 240.702; 10.9468; 6.9856; 3.5030; 3126.59; 1923.90; 885.29;
3; 2890.02; 1828.69; 677.75;
31; 2670.58; 1730.03; 794.85;
5; 47.00;
0; 09; 14:30:00; 03.06.2008; 3GC9,5;
1; 1113.85; 870.19; 287.82; 23.2061; 22.5821; 21.8147;
2; 1137.22; 880.50; 283.43; 48.8861; 44.8423; 40.7766; 50.9532; 49.7420; 48.4488; 335.898; 313.520; 279.767; 8.8445; 6.7568; 2.2417; 2837.26; 2141.41; 676.96;
21; 58.6254; 56.0220; 52.9408; 293.257; 273.518; 243.353; 10.7719; 8.5587; 3.5199; 3010.81; 2360.83; 919.70;
3; 2880.52; 2265.14; 717.84;
31; 2603.06; 2121.59; 828.61;
5; 47.00;
0; 09; 14:40:00; 03.06.2008; 3GC9,5;
1; 1068.52; 1044.01; 1005.61; 23.1266; 22.4912; 22.0533;
2; 1078.08; 1059.07; 1025.37; 46.3420; 42.8998; 40.4984; 51.2315; 50.7067; 50.0389; 331.604; 316.063; 299.802; 8.6091; 8.1498; 7.5293; 2724.36; 2575.77; 2395.00;
21; 61.6466; 60.5639; 58.1484; 418.019; 274.189; 257.388; 10.6475; 10.0220; 0.0250; 4241.15; 2740.70; 8.39;
3; 2775.02; 2725.15; 2628.38;
31; 2513.39; 2461.96; -22.75;
5; 47.00;
0; 09; 14:50:00; 03.06.2008; 3GC9,5;
1; 1016.43; 992.81; 954.19; 23.6831; 22.7060; 22.0533;
2; 1038.24; 1012.31; 970.65; 51.7880; 46.3685; 42.0884; 53.1396; 51.4536; 50.4364; 402.682; 314.088; 250.828; 8.3602; 7.7690; 0.0250; 3140.52; 2438.30; 9.26;
21; 62.9187; 61.6719; 60.9311; 280.937; 268.622; 255.985; 10.3851; 9.8504; 9.2515; 2793.77; 2645.97; 2505.38;
3; 2653.70; 2582.40; -2.70;
31; 2433.21; 2380.09; 2325.61;
5; 32.00;
0; 09; 15:00:00; 03.06.2008; 3GC9,5;
1; 1030.64; 1004.61; 987.34; 23.9216; 23.2013; 22.4905;
2; 1053.53; 1027.97; 1009.68; 52.4241; 45.5413; 40.9356; 53.9744; 53.4436; 52.6228; 375.968; 316.592; 295.668; 8.1886; 7.6670; 3.5535; 2557.80; 2418.08; 1120.72;
21; 64.1510; 63.2730; 62.4417; 281.249; 267.346; 252.710; 10.5331; 9.9526; 9.3121; 2840.39; 2660.78; 2585.61;
3; 2668.47; 2561.91; 1419.39;
31; 2445.87; 2393.06; 2337.21;
5; 47.00;
0; 09; 15:10:00; 03.06.2008; 3GC9,5;
1; 1048.23; 1026.46; 1011.70; 23.0471; 22.5602; 21.9738;
2; 1061.58; 1046.75; 1030.60; 42.6450; 40.4812; 38.4312; 53.6564; 52.8523; 51.9073; 378.830; 332.300; 302.824; 8.2895; 7.0048; 3.4963; 2620.86; 2297.56; 1108.80;
21; 63.4752; 62.8943; 62.0441; 284.992; 270.808; 257.388; 10.5297; 9.9320; 9.0834; 2864.34; 2689.69; 2442.10;
3; 2706.45; 2432.53; 1401.46;
31; 2471.19; 2418.00; 2203.23;
5; 47.00;
0; 09; 15:20:00; 03.06.2008; 3GC9,5;
1; 1046.87; 874.21; 284.44; 22.6098; 22.2048; 21.8147;
2; 1061.18; 886.99; 287.46; 41.2139; 39.5390; 36.6821; 52.3446; 51.6674; 49.7607; 377.876; 320.717; 282.947; 8.3568; 6.3741; 2.3459; 2644.92; 2043.03; 697.73;
21; 62.7597; 61.4455; 58.1882; 416.459; 268.023; 238.362; 10.4793; 9.0565; 0.0183; 3145.93; 2426.08; 7.62;
3; 2709.62; 2166.98; 739.99;
31; 2471.19; 2184.49; -23.80;
5; 47.00;
0; 09; 15:30:00; 03.06.2008; 3GC9,5;
1; 1009.67; 972.72; 908.86; 23.6434; 22.9523; 21.9738;
2; 1010.48; 971.44; 880.92; 46.9780; 43.4360; 38.3517; 52.2253; 51.0408; 49.6414; 332.240; 316.103; 299.802; 7.9801; 7.5079; 6.7153; 2550.73; 2373.31; 2105.11;
21; 62.2031; 61.1091; 59.0627; 288.579; 273.585; 260.663; 9.8200; 9.2559; 8.5452; 2700.61; 2532.51; 2284.72;
3; 2607.28; 2516.60; 2242.27;
31; 2349.87; 2280.73; 2060.81;
5; 47.00;
0; 09; 15:40:00; 03.06.2008; 3GC9,5;
1; 1008.31; 742.11; 314.88; 24.9949; 24.0214; 23.0471;
2; 987.55; 724.50; 293.49; 48.6873; 45.3108; 41.8499; 52.3843; 51.0422; 49.6016; 331.763; 309.332; 283.743; 7.9633; 5.6505; 2.2518; 2531.76; 1761.69; 676.14;
21; 62.0839; 57.2804; 53.8154; 293.257; 269.394; 243.665; 9.5946; 6.9084; 3.3584; 2696.56; 1879.98; 872.80;
3; 2573.53; 1874.30; 713.62;
31; 2336.16; 1696.39; 783.25;
5; 47.00;
0; 09; 15:50:00; 03.06.2008; 3GC9,5;
1; 1027.93; 705.76; 324.35; 25.1539; 24.5877; 24.0806;
2; 1014.10; 685.61; 300.73; 50.7545; 46.9579; 40.2598; 52.5036; 51.1636; 48.6873; 381.851; 293.048; 235.722; 8.3434; 5.3503; 0.0284; 2526.13; 1608.43; 10.81;
21; 59.3410; 55.9968; 50.3569; 392.287; 280.134; 228.693; 9.8335; 6.4287; 0.0217; 2704.31; 1795.84; 6.62;
3; 2595.68; 1708.65; -6.92;
31; 2356.20; 1618.33; -28.02;
5; 47.00;
0; 09; 16:00:00; 03.06.2008; 3GC9,5;
1; 952.16; 378.20; 285.79; 24.8359; 24.1004; 23.4446;
2; 931.22; 357.72; 263.72; 40.7369; 36.3107; 34.3367; 48.9656; 44.9293; 41.8102; 286.446; 264.155; 242.718; 7.8186; 2.9901; 2.2249; 2237.68; 796.04; 573.29;
21; 50.3569; 45.0577; 42.2475; 325.383; 292.763; 267.369; 8.4375; 3.7045; 2.8438; 2592.80; 1091.79; 817.89;
3; 2384.69; 847.90; 598.63;
31; 2272.86; 983.42; 735.77;
5; 47.00;
0; 09; 16:10:00; 03.06.2008; 3GC9,5;
1; 950.13; 498.13; 251.96; 24.0011; 23.3903; 22.7688;
2; 928.40; 481.94; 230.72; 38.5505; 36.1103; 34.4162; 42.6450; 40.9050; 39.1865; 285.969; 268.822; 250.033; 7.8119; 4.0328; 1.9524; 2233.00; 1092.77; 503.84;
21; 44.9109; 43.1054; 41.2934; 317.898; 298.727; 278.442; 8.0474; 4.8741; 2.5242; 2471.64; 1464.44; 739.85;
3; 2382.58; 1169.05; 520.56;
31; 2227.50; 1323.08; 660.87;
5; 47.00;
0; 09; 16:20:00; 03.06.2008; 3GC9,5;
1; 864.89; 292.09; 239.78; 23.2856; 22.5022; 21.9340;
2; 825.40; 269.44; 219.46; 35.0523; 30.5564; 28.4534; 39.5045; 37.0158; 35.0920; 301.552; 279.822; 257.983; 6.9071; 2.2501; 1.8448; 2082.84; 634.41; 490.67;
21; 42.6847; 38.8336; 36.2051; 421.294; 299.426; 250.527; 6.6615; 2.7629; 0.0217; 1828.88; 821.40; 7.12;
3; 2228.55; 670.72; 504.74;
31; 1659.92; 735.37; -28.02;
5; 47.00;
0; 09; 16:30:00; 03.06.2008; 3GC9,5;
1; 900.07; 486.17; 265.49; 23.6831; 23.0701; 22.2520;
2; 860.40; 458.03; 245.61; 38.7493; 35.0553; 31.1566; 37.8349; 36.5910; 35.0523; 396.798; 328.082; 232.064; 6.8734; 3.6030; 0.0217; 2362.58; 1194.33; 8.57;
21; 42.2077; 39.2860; 36.1653; 297.936; 279.260; 254.737; 8.4039; 4.8321; 2.8202; 2501.82; 1359.86; 754.93;
3; 2414.23; 1271.86; -6.92;
31; 2176.86; 1228.42; 677.75;
5; 47.00;
0; 09; 16:40:00; 03.06.2008; 3GC9,5;
1; 893.30; 420.86; 285.79; 23.6831; 23.2779; 22.8881;
2; 849.54; 393.81; 260.90; 36.7616; 34.1073; 32.0311; 37.3977; 36.5366; 35.6088; 353.548; 334.000; 311.092; 6.5741; 3.0820; 1.9928; 2243.76; 1033.92; 668.10;
21; 40.6971; 38.8923; 37.3182; 309.476; 290.116; 265.498; 7.7345; 4.2500; 2.7563; 2328.52; 1236.81; 808.89;
3; 2391.02; 1101.03; 705.18;
31; 2106.18; 1118.19; 730.50;
5; 47.00;
0; 09; 16:50:00; 03.06.2008; 3GC9,5;
1; 842.56; 758.74; 330.44; 23.8819; 23.3418; 22.8881;
2; 787.98; 707.91; 307.98; 44.7519; 38.4438; 32.1901; 41.1741; 37.7839; 35.3703; 362.929; 342.074; 324.926; 6.1839; 5.3752; 2.5007; 2100.86; 1840.14; 832.81;
21; 48.4886; 43.1224; 37.3182; 324.604; 305.543; 282.497; 7.2973; 6.6379; 4.5626; 2215.42; 2028.49; 1371.25;
3; 2233.83; 1965.65; 886.63;
31; 2004.90; 1837.36; 1240.05;
5; 47.00;
0; 09; 17:00:00; 03.06.2008; 3GC9,5;
1; 835.12; 806.33; 760.71; 24.6769; 24.0369; 23.1663;
2; 772.69; 738.85; 693.83; 47.0177; 43.4651; 38.2325; 45.0699; 43.4655; 40.9356; 403.954; 326.699; 243.354; 6.3016; 5.7132; 0.0317; 2285.15; 1865.14; 12.81;
21; 52.9011; 51.2167; 47.9718; 413.808; 290.138; 250.059; 8.0709; 6.9494; 0.0183; 2678.93; 2011.95; 6.02;
3; 2108.29; 1993.85; -7.98;
31; 1896.24; 1823.01; -29.08;
5; 47.00;
0; 09; 17:10:00; 03.06.2008; 3GC9,5;
1; 766.12; 726.42; 685.61; 23.6036; 23.0092; 22.5700;
2; 695.84; 658.02; 616.18; 38.3120; 36.2221; 34.9728; 44.9904; 44.0799; 43.3208; 336.693; 321.325; 304.573; 5.6827; 5.2743; 4.7072; 1848.67; 1694.61; 1569.64;
21; 52.8216; 51.0126; 49.2836; 303.706; 287.610; 272.204; 7.0820; 6.5299; 5.8980; 2041.49; 1877.60; 1758.47;
3; 1901.51; 1813.25; 1668.36;
31; 1768.59; 1702.06; 1614.56;
5; 47.00;
0; 09; 17:20:00; 03.06.2008; 3GC9,5;
1; 689.67; 669.44; 647.05; 23.1663; 22.5164; 21.8147;
2; 617.79; 595.53; 572.72; 35.8473; 33.0417; 30.2422; 43.6388; 42.1726; 40.2996; 343.689; 325.575; 307.753; 5.0705; 4.7809; 4.3776; 1647.54; 1556.33; 1450.37;
21; 49.6414; 47.8515; 45.2289; 310.880; 293.320; 275.167; 6.4462; 5.9376; 5.4338; 1873.56; 1741.33; 1684.36;
3; 1715.84; 1666.89; 1608.23;
31; 1619.84; 1579.27; 1525.94;
5; 47.00;
0; 09; 17:30:00; 03.06.2008; 3GC9,5;
1; 649.76; 618.57; 599.02; 22.7291; 22.1783; 21.7352;
2; 574.73; 553.94; 539.73; 34.9330; 32.6649; 30.1627; 40.4586; 39.7259; 39.0275; 407.293; 330.372; 236.835; 4.7274; 4.4035; 0.0250; 1764.44; 1453.68; 10.18;
21; 45.4276; 44.8026; 44.2351; 420.358; 295.977; 246.316; 6.1570; 5.5244; 0.0183; 2307.32; 1632.89; 6.06;
3; 1621.95; 1557.47; -6.92;
31; 1540.71; 1480.87; -28.02;
5; 32.00;
0; 09; 17:40:00; 03.06.2008; 3GC9,5;
1; 622.02; 601.22; 230.99; 23.4048; 22.7573; 22.1328;
2; 548.18; 533.13; 213.42; 36.8411; 35.2035; 33.5814; 40.2201; 39.6600; 39.1865; 351.958; 333.124; 312.523; 4.5021; 4.1898; 1.5387; 1503.43; 1395.60; 513.41;
21; 45.7457; 45.0442; 44.3146; 310.880; 294.235; 277.038; 5.6524; 5.2298; 2.3628; 1660.65; 1538.86; 695.11;
3; 1535.44; 1495.06; 539.55;
31; 1445.77; 1396.38; 620.78;
5; 47.00;
0; 09; 17:50:00; 03.06.2008; 3GC9,5;
1; 394.71; 241.80; 195.81; 23.3253; 22.8305; 22.3315;
2; 348.61; 221.76; 182.44; 35.4101; 30.3110; 28.4931; 40.0611; 37.3973; 34.7740; 349.731; 330.216; 309.184; 2.9312; 1.7147; 1.3200; 961.29; 565.86; 452.84;
21; 45.1096; 40.0422; 35.9268; 315.091; 297.647; 277.038; 4.1825; 2.4202; 1.8952; 1240.90; 720.36; 576.53;
3; 1026.94; 592.84; 459.37;
31; 1124.00; 641.73; 510.01;
5; 47.00;
0; 09; 18:00:00; 03.06.2008; 3GC9,5;
1; 475.21; 249.84; 149.81; 23.1266; 22.5174; 21.7750;
2; 403.33; 218.32; 131.75; 30.0832; 27.9983; 24.6372; 35.0523; 33.3030; 30.8783; 348.141; 328.502; 308.866; 3.3248; 1.7365; 0.9231; 1082.42; 568.70; 320.35;
21; 36.6821; 34.2401; 30.9975; 323.824; 302.219; 280.781; 3.9874; 2.2037; 1.3402; 1194.83; 663.02; 419.71;
3; 1160.93; 595.34; 318.01;
31; 1086.02; 587.78; 355.99;
5; 47.00;
0; 09; 18:10:00; 03.06.2008; 3GC9,5;
1; 219.49; 176.83; 160.63; 22.1725; 21.7467; 21.2185;
2; 183.25; 148.70; 138.59; 25.4720; 24.6559; 23.8421; 31.1566; 29.3175; 27.4596; 395.844; 329.197; 228.725; 1.5118; 1.1594; 0.0250; 502.51; 381.33; 9.81;
21; 31.1963; 29.2248; 27.5788; 408.661; 317.946; 212.630; 2.2148; 1.5821; 0.0183; 701.65; 502.55; 5.32;
3; 521.62; 387.70; -6.92;
31; 599.68; 436.80; -30.13;
5; 47.00;
0; 09; 18:20:00; 03.06.2008; 3GC9,5;
1; 276.32; 171.62; 132.89; 21.8943; 21.5745; 21.2582;
2; 217.45; 137.76; 103.18; 24.9949; 24.2535; 23.6036; 27.8571; 26.7166; 25.5515; 353.389; 334.341; 316.021; 1.7539; 1.0655; 0.7919; 583.85; 356.05; 263.62;
21; 27.9764; 27.0168; 25.7502; 331.621; 314.504; 297.780; 2.1374; 1.4929; 1.1788; 676.47; 469.63; 370.13;
3; 613.40; 359.04; 255.76;
31; 599.68; 405.95; 311.68;
5; 32.00;
0; 09; 18:30:00; 03.06.2008; 3GC9,5;
1; 361.56; 179.25; 114.63; 22.0135; 21.6464; 21.3377;
2; 244.00; 130.95; 89.50; 24.8757; 23.5234; 22.8086; 25.8695; 25.0110; 24.2396; 357.205; 336.532; 316.816; 1.9524; 0.9959; 0.6002; 662.95; 335.99; 206.94;
21; 26.1080; 24.8608; 24.0011; 340.355; 318.863; 298.716; 2.4334; 1.3306; 0.9904; 780.02; 424.96; 316.80;
3; 699.91; 335.82; 191.41;
31; 699.91; 363.17; 251.54;
5; 47.00;
0; 09; 18:40:00; 03.06.2008; 3GC9,5;
1; 358.85; 335.57; 315.56; 22.3713; 21.8992; 21.3775;
2; 239.98; 216.94; 196.12; 26.3068; 25.6810; 24.5179; 25.8695; 25.2403; 24.5577; 406.498; 343.385; 237.153; 1.9255; 1.6988; 0.0250; 656.91; 582.81; 10.15;
21; 26.3465; 25.5756; 24.5577; 421.138; 320.473; 246.472; 2.5478; 2.2065; 0.0183; 929.92; 706.31; 7.70;
3; 691.47; 611.62; -9.03;
31; 696.74; 628.85; -29.08;
5; 32.00;
0; 09; 18:50:00; 03.06.2008; 3GC9,5;
1; 322.32; 299.36; 276.32; 22.4508; 22.0717; 21.6955;
2; 198.94; 180.23; 161.12; 26.1875; 25.7256; 25.0347; 26.0683; 25.7552; 25.3130; 364.837; 345.184; 323.972; 1.5252; 1.3789; 1.1653; 528.56; 476.15; 416.71;
21; 26.2670; 25.9159; 25.2732; 339.107; 319.070; 303.706; 2.0365; 1.8638; 1.6396; 658.65; 594.81; 536.75;
3; 552.21; 492.91; 423.50;
31; 578.58; 524.22; 468.87;
5; 47.00;
0; 09; 19:00:00; 03.06.2008; 3GC9,5;
1; 283.08; 265.11; 248.58; 22.3315; 21.9453; 21.5762;
2; 163.93; 145.57; 127.32; 25.5515; 24.8318; 23.9614; 25.9092; 25.5286; 25.0744; 357.523; 338.739; 319.679; 1.2864; 1.1207; 0.9332; 439.91; 379.72; 327.13;
21; 25.8297; 25.0080; 24.1999; 335.520; 315.354; 299.183; 1.7674; 1.5442; 1.2830; 556.23; 486.79; 428.88;
3; 438.27; 385.41; 319.06;
31; 473.09; 422.72; 359.15;
5; 32.00;
0; 09; 19:10:00; 03.06.2008; 3GC9,5;
1; 253.99; 236.35; 218.14; 22.2123; 21.7296; 21.2582;
2; 131.34; 114.49; 97.14; 24.5179; 23.7045; 22.9278; 25.3130; 24.7182; 23.9614; 353.389; 334.722; 315.703; 1.0038; 0.8769; 0.6910; 339.14; 293.52; 240.64;
21; 24.6372; 23.6831; 22.7688; 406.946; 312.913; 171.771; 1.4008; 1.2378; 0.0183; 443.12; 387.18; 3.14;
3; 334.89; 288.76; 223.06;
31; 387.64; 333.31; -33.30;
5; 47.00;
0; 09; 19:20:00; 03.06.2008; 3GC9,5;
1; 253.99; 224.42; 190.40; 22.2123; 21.6020; 20.9004;
2; 131.34; 102.48; 72.20; 24.5179; 23.2811; 21.9738; 25.3130; 24.2692; 22.9278; 392.664; 333.165; 225.068; 1.0038; 0.7801; 0.0250; 339.14; 259.98; 9.80;
21; 24.6372; 23.1015; 21.5762; 406.946; 314.070; 171.771; 1.4008; 1.1116; 0.0183; 443.12; 348.91; 3.14;
3; 334.89; 250.96; -6.92;
31; 387.64; 295.83; -33.30;
5; 47.00;
0; 09; 19:30:00; 03.06.2008; 3GC9,5;
1; 195.81; 177.88; 161.31; 21.5365; 21.0988; 20.5427;
2; 78.23; 64.61; 53.69; 22.4905; 21.7538; 20.9799; 23.4048; 22.6620; 21.9340; 351.799; 333.532; 315.544; 0.5666; 0.4661; 0.3345; 186.37; 155.43; 117.46;
21; 22.0930; 21.1388; 20.3439; 328.814; 311.933; 294.973; 0.8558; 0.7244; 0.5834; 266.06; 226.03; 190.28;
3; 169.26; 132.53; 81.69;
31; 220.95; 177.06; 135.50;
5; 47.00;
0; 09; 19:40:00; 03.06.2008; 3GC9,5;
1; 166.04; 149.56; 132.22; 21.2185; 20.8425; 20.5029;
2; 56.91; 47.55; 38.80; 21.4967; 20.9005; 20.3837; 22.1328; 21.5800; 20.8607; 332.399; 331.669; 330.809; 0.3917; 0.3308; 0.2706; 130.06; 109.72; 89.72;
21; 20.7017; 20.0050; 19.3899; 328.814; 312.377; 294.973; 0.6305; 0.5391; 0.4253; 196.40; 168.35; 139.31;
3; 104.90; 80.70; 58.49;
31; 148.16; 125.05; 85.91;
5; 47.00;
0; 09; 19:50:00; 03.06.2008; 3GC9,5;
1; 138.31; 121.66; 103.13; 20.9799; 20.5981; 20.0656;
2; 44.44; 37.03; 31.96; 20.7017; 20.2202; 19.7476; 21.2980; 20.6624; 20.0656; 373.106; 333.531; 330.968; 0.2807; 0.2339; 0.0082; 93.07; 77.59; 3.06;
21; 19.6284; 19.1402; 18.5153; 310.880; 310.161; 309.320; 0.4758; 0.4259; 0.3748; 147.68; 132.09; 116.24;
3; 63.76; 46.08; -3.76;
31; 101.74; 90.36; 67.98;
5; 47.00;
0; 09; 20:00:00; 03.06.2008; 3GC9,5;
1; 110.57; 94.73; 78.77; 20.6619; 20.2247; 19.8669;
2; 36.39; 31.77; 26.33; 20.1849; 19.6507; 19.1116; 20.4234; 19.9017; 19.2706; 372.947; 360.028; 180.386; 0.2739; 0.0586; 0.0082; 80.93; 19.25; 3.03;
21; 18.9128; 18.4448; 17.8793; 310.880; 310.113; 309.320; 0.3950; 0.3564; 0.3109; 122.50; 110.53; 96.37;
3; 42.66; 3.71; -7.98;
31; 75.37; 67.18; 57.43;
5; 47.00;
0; 09; 20:10:00; 03.06.2008; 3GC9,5;
1; 85.54; 69.35; 50.36; 20.3439; 19.9288; 19.4694;
2; 33.17; 26.59; 21.50; 19.7874; 19.1554; 18.5551; 19.8669; 19.3039; 18.7141; 369.449; 355.630; 195.015; 0.2470; 0.0698; 0.0082; 74.92; 24.01; 2.99;
21; 18.3165; 17.8991; 17.3625; 372.949; 310.719; 309.008; 0.3311; 0.2900; 0.0116; 102.68; 89.92; 4.31;
3; 166.09; 0.35; -9.03;
31; 71.15; 48.78; -6.92;
5; 47.00;
0; 09; 20:20:00; 03.06.2008; 3GC9,5;
1; 56.45; 34.37; 21.27; 20.0259; 19.5354; 18.9923;
2; 25.12; 21.03; 15.87; 19.0718; 18.5556; 17.9190; 19.2706; 18.7731; 18.3563; 364.042; 350.576; 165.281; 0.2100; 0.0469; 0.0048; 59.27; 15.50; 1.76;
21; 17.9190; 17.3955; 16.8855; 372.481; 360.050; 189.861; 0.2941; 0.0489; -0.0019; 87.11; 16.67; -0.69;
3; 131.28; 0.15; -9.03;
31; 161.87; -4.74; -35.41;
5; 47.00;
0; 09; 20:30:00; 03.06.2008; 3GC9,5;
1; 29.39; 20.26; 10.44; 19.5886; 19.1218; 18.5551;
2; 20.70; 15.60; 10.24; 18.3960; 17.9164; 17.2432; 18.6743; 18.1176; 17.5215; 356.569; 322.730; 189.927; 0.1495; 0.0578; 0.0082; 39.03; 16.91; 2.84;
21; 17.4022; 16.8331; 16.2892; 363.435; 344.035; 163.662; 0.2437; 0.0511; -0.0019; 62.71; 16.35; -0.68;
3; 16.29; -0.29; -5.87;
31; 80.64; -5.03; -35.41;
5; 47.00;
0; 09; 20:40:00; 03.06.2008; 3GC9,5;
1; 20.59; 13.08; 4.36; 19.1911; 18.7991; 18.3563;
2; 16.27; 10.20; 3.80; 17.8793; 17.3743; 16.8060; 17.9588; 17.3858; 16.7662; 343.848; 329.755; 203.284; 0.0957; 0.0233; 0.0082; 23.24; 7.53; 2.67;
21; 16.7662; 16.3000; 15.8121; 349.088; 322.888; 184.247; 0.1528; 0.0379; -0.0019; 38.26; 10.86; -0.65;
3; 4.68; -0.31; -5.87;
31; 13.12; -5.32; -10.09;
5; 47.00;
0; 09; 20:50:00; 03.06.2008; 3GC9,5;
1; 15.86; 6.74; -0.38; 18.7936; 18.5078; 18.0383;
2; 9.83; 5.35; 1.38; 17.2830; 16.8839; 16.4084; 17.2432; 16.7522; 16.2097; 316.021; 277.123; 196.764; 0.0587; 0.0242; 0.0082; 14.93; 6.64; 2.53;
21; 16.2097; 15.7973; 15.3351; 326.319; 306.782; 203.585; 0.0822; 0.0182; 0.0048; 18.62; 5.50; 1.47;
3; 5.74; -0.41; -4.81;
31; 0.46; -5.44; -12.20;
5; 32.00;
0; 09; 21:00:00; 03.06.2008; 3GC9,5;
1; 9.77; 1.56; -6.47; 18.6346; 18.2611; 17.9190;
2; 7.02; 1.46; -3.85; 16.8855; 16.4642; 16.0109; 16.7264; 16.2105; 15.7724; 230.792; 200.030; 133.956; 0.0452; 0.0136; -0.0086; 7.83; 2.67; -1.74;
21; 15.8519; 15.3267; 14.8581; 282.341; 231.173; 134.811; 0.0385; 0.0174; -0.0053; 9.12; 3.98; -1.21;
3; 5.74; -0.42; -5.87;
31; 0.46; -5.47; -11.14;
5; 47.00;
0; 09; 21:10:00; 03.06.2008; 3GC9,5;
1; 4.36; -1.25; -7.15; 18.4358; 18.0426; 17.6010;
2; 4.20; -0.65; -5.05; 16.6072; 16.0668; 15.5736; 16.2494; 15.7344; 15.2159; 154.150; 97.237; 46.659; 0.0250; 0.0079; -0.0120; 3.42; 0.77; -1.27;
21; 15.3351; 14.9022; 14.5003; 226.510; 192.011; 131.380; 0.0183; 0.0000; -0.0187; 4.12; 0.02; -3.12;
3; 4.68; -0.44; -4.81;
31; 0.46; -5.48; -12.20;
5; 47.00;
0; 09; 21:20:00; 03.06.2008; 3GC9,5;
1; 4.36; -1.80; -7.82; 18.2768; 17.7881; 17.4420;
2; 2.59; -1.13; -4.65; 16.2097; 15.8323; 15.4941; 15.8519; 15.3350; 14.9376; 46.500; 23.857; 8.974; 0.0217; 0.0079; -0.0053; 0.69; 0.19; -0.09;
21; 14.8581; 14.5694; 14.1823; 131.068; 79.907; 38.432; 0.0149; -0.0008; -0.0153; 1.62; -0.06; -1.64;
3; 4.68; -0.49; -6.92;
31; 0.46; -5.56; -11.14;
5; 47.00;
0; 09; 21:30:00; 03.06.2008; 3GC9,5;
1; 4.36; -1.71; -7.82; 17.9985; 17.6007; 17.2432;
2; 2.19; -1.14; -5.05; 16.1302; 15.7676; 15.4146; 15.5339; 15.1331; 14.7786; 9.292; 4.760; 1.819; 0.0250; 0.0080; -0.0053; 0.16; 0.04; -0.03;
21; 14.8581; 14.5051; 14.1028; 38.432; 20.485; 8.334; 0.0149; -0.0007; -0.0153; 0.46; -0.01; -0.41;
3; 4.68; -0.57; -5.87;
31; -0.59; -5.67; -12.20;
5; 47.00;
0; 09; 21:40:00; 03.06.2008; 3GC9,5;
1; 4.36; -1.65; -7.15; 17.7203; 17.4265; 17.0842;
2; 2.19; -1.10; -5.05; 16.0904; 15.6546; 15.2556; 15.3351; 14.9924; 14.6593; 2.137; 1.187; 0.229; 0.0250; 0.0079; -0.0086; 0.04; 0.01; -0.01;
21; 14.7388; 14.4433; 14.0233; 8.490; 4.541; 1.472; 0.0149; -0.0006; -0.0187; 0.12; 0.00; -0.09;
3; 4.68; -0.53; -5.87;
31; -0.59; -5.67; -11.14;
5; 47.00;
0; 09; 21:50:00; 03.06.2008; 3GC9,5;
1; 4.36; -1.81; -7.82; 17.5612; 17.2341; 16.7662;
2; 2.99; -1.04; -3.85; 15.9314; 15.4396; 15.0568; 15.1761; 14.8485; 14.4208; 1.342; 0.529; -0.248; 0.0284; 0.0080; -0.0053; 0.02; 0.00; 0.00;
21; 14.6991; 14.2953; 13.9438; 2.564; 1.449; 0.380; 0.0183; -0.0006; -0.0153; 0.04; 0.00; -0.03;
3; 5.74; -0.50; -4.81;
31; 1.52; -5.52; -11.14;
5; 47.00;
0; 09; 22:00:00; 03.06.2008; 3GC9,5;
1; 5.03; -1.80; -7.82; 17.4817; 17.0509; 16.6469;
2; 2.99; -1.01; -5.05; 15.7724; 15.3130; 14.8978; 15.0568; 14.7135; 14.3811; 1.024; 0.391; -0.248; 0.0217; 0.0079; -0.0053; 0.01; 0.00; 0.00;
21; 14.5401; 14.1561; 13.7450; 1.472; 0.855; 0.068; 0.0183; -0.0005; -0.0153; 0.02; 0.00; -0.02;
3; 5.74; -0.52; -6.92;
31; -0.59; -5.54; -11.14;
5; 47.00;
0; 09; 22:10:00; 03.06.2008; 3GC9,5;
1; 4.36; -1.73; -7.15; 17.2830; 16.9113; 16.5674;
2; 2.59; -0.99; -5.05; 15.5736; 15.2028; 14.8581; 14.9376; 14.5790; 14.2220; 1.183; 0.361; -0.566; 0.0217; 0.0081; -0.0053; 0.01; 0.00; 0.00;
21; 14.4606; 14.0515; 13.6655; 1.472; 0.642; -0.088; 0.0149; -0.0006; -0.0153; 0.01; 0.00; -0.01;
3; 3.63; -0.55; -6.92;
31; 0.46; -5.55; -11.14;
5; 47.00;
0; 09; 22:20:00; 03.06.2008; 3GC9,5;
1; 4.36; -1.57; -7.15; 17.2035; 16.8123; 16.4482;
2; 2.59; -0.90; -4.25; 15.5736; 15.1572; 14.7786; 14.8581; 14.4845; 14.1425; 1.024; 0.350; -0.407; 0.0250; 0.0080; -0.0086; 0.01; 0.00; 0.00;
21; 14.3811; 13.9937; 13.6655; 1.316; 0.537; -0.244; 0.0183; -0.0006; -0.0153; 0.02; 0.00; -0.01;
3; 5.74; -0.48; -4.81;
31; -0.59; -5.53; -11.14;
5; 47.00;
0; 09; 22:30:00; 03.06.2008; 3GC9,5;
1; 5.03; -1.36; -7.15; 17.1240; 16.7479; 16.3687;
2; 2.99; -0.87; -3.85; 15.5339; 15.1521; 14.7786; 14.8581; 14.4433; 14.1425; 1.024; 0.338; -0.248; 0.0250; 0.0079; -0.0086; 0.01; 0.00; 0.00;
21; 14.3811; 13.9970; 13.6258; 1.316; 0.494; -0.244; 0.0149; -0.0005; -0.0153; 0.01; 0.00; -0.01;
3; 5.74; -0.44; -5.87;
31; 0.46; -5.44; -13.25;
5; 47.00;
0; 09; 22:40:00; 03.06.2008; 3GC9,5;
1; 5.03; -1.30; -8.50; 17.0445; 16.6222; 16.2892;
2; 3.40; -0.86; -4.25; 15.4544; 15.1093; 14.6593; 14.6991; 14.4123; 14.0630; 1.024; 0.333; -0.248; 0.0284; 0.0079; -0.0086; 0.01; 0.00; 0.00;
21; 14.3811; 13.9967; 13.6655; 1.316; 0.459; -0.399; 0.0149; -0.0005; -0.0187; 0.01; 0.00; -0.01;
3; 5.74; -0.44; -6.92;
31; 0.46; -5.44; -12.20;
5; 31.00;
0; 09; 22:50:00; 03.06.2008; 3GC9,5;
1; 3.68; -1.45; -7.15; 16.8855; 16.5625; 16.2097;
2; 2.59; -0.81; -3.85; 15.4544; 14.9975; 14.6593; 14.7786; 14.3346; 13.9438; 1.183; 0.322; -0.248; 0.0250; 0.0079; -0.0053; 0.02; 0.00; 0.00;
21; 14.3811; 13.9114; 13.5463; 1.316; 0.419; -0.399; 0.0183; -0.0005; -0.0153; 0.01; 0.00; -0.01;
3; 5.74; -0.42; -5.87;
31; 0.46; -5.38; -13.25;
5; 47.00;
0; 09; 23:00:00; 03.06.2008; 3GC9,5;
1; 4.36; -1.62; -8.50; 16.8060; 16.5048; 16.1302;
2; 3.80; -0.79; -4.25; 15.2556; 14.8629; 14.5003; 14.5798; 14.2295; 13.8643; 1.024; 0.318; -0.407; 0.0250; 0.0079; -0.0086; 0.01; 0.00; 0.00;
21; 14.0630; 13.7639; 13.4668; 1.316; 0.408; -0.399; 0.0149; -0.0005; -0.0153; 0.01; 0.00; -0.01;
3; 5.74; -0.45; -5.87;
31; 0.46; -5.40; -12.20;
5; 47.00;
