0; 09; 03:50:00; 19.06.2008; 3GC9,5;
1; 2.33; -0.50; -2.41; 19.6681; 19.4384; -62.5000;
2; 0.58; -1.13; -328.95; 18.0780; 17.8606; -62.5000; 17.6408; 17.4368; -62.5000; 0.706; 0.284; -130.000; 0.0183; 0.0063; -2.7500; 357.50; 0.25; -1.07;
21; 17.0445; 16.8416; 16.6469; 1.004; 0.558; -127.500; 0.0048; -0.0004; -2.7500; 350.62; 0.05; -1.90;
3; 2.57; -1.22; -862.50;
31; -3.76; -5.83; -862.50;
5; 47.00;
0; 09; 04:00:00; 19.06.2008; 3GC9,5;
1; 1.65; -1.17; -4.44; 19.4694; 19.1811; 18.9923;
2; 0.58; -1.00; -2.64; 17.8793; 17.5261; 17.2035; 17.5612; 17.2638; 17.0445; 0.865; 0.376; -0.089; 0.0149; 0.0085; 0.0015; 0.01; 0.00; 0.00;
21; 16.8457; 16.5758; 16.3289; 1.004; 0.570; 0.224; 0.0082; 0.0003; -0.0086; 0.01; 0.00; -0.01;
3; 2.57; -0.41; -3.76;
31; -2.70; -5.54; -7.98;
5; 47.00;
0; 09; 04:10:00; 19.06.2008; 3GC9,5;
1; 3.00; -0.59; -3.76; 19.2706; 19.0578; 18.7538;
2; 0.98; -1.00; -2.64; 17.7203; 17.5473; 17.3227; 17.2432; 17.0521; 16.8855; 0.865; 0.380; -0.089; 0.0149; 0.0085; 0.0015; 0.01; 0.00; 0.00;
21; 16.5674; 16.4165; 16.2494; 1.004; 0.604; 0.224; 0.0082; 0.0004; -0.0120; 0.01; 0.00; -0.01;
3; 2.57; -0.38; -3.76;
31; -2.70; -5.52; -9.03;
5; 47.00;
0; 09; 04:20:00; 19.06.2008; 3GC9,5;
1; 2.33; -0.41; -3.09; 18.9923; 18.7623; 18.4755;
2; 0.98; -0.99; -2.64; 17.6805; 17.5275; 17.2830; 17.1240; 16.9691; 16.8060; 0.706; 0.371; -0.089; 0.0149; 0.0085; -0.0019; 0.01; 0.00; 0.00;
21; 16.6072; 16.4550; 16.2892; 1.004; 0.546; 0.224; 0.0082; 0.0005; -0.0053; 0.01; 0.00; 0.00;
3; 2.57; -0.43; -5.87;
31; -2.70; -5.50; -9.03;
5; 47.00;
0; 09; 04:30:00; 19.06.2008; 3GC9,5;
1; 3.00; -0.79; -3.09; 18.7936; 18.5274; 18.2768;
2; 0.58; -0.99; -2.64; 17.5215; 17.2189; 16.9252; 17.0842; 16.8182; 16.5674; 0.706; 0.368; 0.070; 0.0183; 0.0086; 0.0015; 0.01; 0.00; 0.00;
21; 16.5674; 16.3017; 16.0507; 1.004; 0.580; 0.224; 0.0082; 0.0004; -0.0086; 0.00; 0.00; -0.01;
3; 2.57; -0.47; -3.76;
31; -2.70; -5.55; -7.98;
5; 47.00;
0; 09; 04:40:00; 19.06.2008; 3GC9,5;
1; 2.33; -0.88; -4.44; 18.5948; 18.3189; 18.1178;
2; 1.38; -0.97; -2.64; 17.2035; 16.9734; 16.6867; 16.7662; 16.5620; 16.3687; 0.706; 0.383; -0.089; 0.0183; 0.0085; -0.0019; 0.01; 0.00; 0.00;
21; 16.2892; 16.0630; 15.7326; 1.004; 0.709; 0.224; 0.0082; 0.0004; -0.0086; 0.01; 0.00; -0.01;
3; 2.57; -0.22; -2.70;
31; -2.70; -5.25; -7.98;
5; 47.00;
0; 09; 04:50:00; 19.06.2008; 3GC9,5;
1; 2.33; -0.89; -3.76; 18.3165; 18.1403; 17.9190;
2; 0.58; -0.96; -2.64; 17.0445; 16.7725; 16.5277; 16.5674; 16.3238; 15.9712; 0.865; 0.443; -0.089; 0.0183; 0.0086; -0.0019; 0.01; 0.00; 0.00;
21; 16.0904; 15.8044; 15.5736; 1.784; 0.984; 0.536; 0.0082; 0.0004; -0.0086; 0.01; 0.00; -0.01;
3; 2.57; -0.35; -3.76;
31; -2.70; -5.42; -9.03;
5; 47.00;
0; 09; 05:00:00; 19.06.2008; 3GC9,5;
1; 2.33; -0.89; -4.44; 18.3165; 18.1056; 17.9190;
2; 0.58; -0.92; -3.04; 16.8855; 16.6099; 16.3687; 16.2892; 16.0978; 15.8121; 1.501; 0.813; 0.229; 0.0183; 0.0086; 0.0015; 0.02; 0.01; 0.00;
21; 15.7724; 15.5118; 15.2159; 4.591; 2.509; 1.160; 0.0082; 0.0004; -0.0053; 0.02; 0.00; -0.02;
3; 2.57; -0.50; -3.76;
31; -1.65; -5.53; -7.98;
5; 47.00;
0; 09; 05:10:00; 19.06.2008; 3GC9,5;
1; 4.36; 1.04; -1.73; 19.4694; 18.9368; 18.1973;
2; 1.38; -0.89; -2.64; 18.1973; 17.6746; 16.8457; 16.5674; 16.2173; 15.9314; 5.794; 2.856; 1.183; 0.0149; 0.0085; 0.0015; 0.07; 0.02; 0.00;
21; 15.9712; 15.5953; 15.2159; 22.213; 10.783; 4.435; 0.0082; 0.0005; -0.0120; 0.11; 0.01; -0.17;
3; 2.57; -0.36; -2.70;
31; -2.70; -5.42; -9.03;
5; 47.00;
0; 09; 05:20:00; 19.06.2008; 3GC9,5;
1; 4.36; 1.19; -2.41; 19.6284; 19.4275; 19.1911;
2; 1.38; -0.80; -2.64; 18.2768; 18.0425; 17.7600; 16.8855; 16.6118; 16.3687; 28.691; 13.993; 5.635; 0.0149; 0.0086; 0.0015; 0.40; 0.12; 0.01;
21; 16.2892; 16.1160; 15.8519; 93.171; 49.873; 21.902; 0.0082; 0.0006; -0.0120; 0.51; 0.03; -0.42;
3; 3.63; -0.24; -2.70;
31; -2.70; -5.28; -9.03;
5; 47.00;
0; 09; 05:30:00; 19.06.2008; 3GC9,5;
1; 3.00; -0.07; -3.76; 19.5091; 19.1644; 18.7538;
2; 0.98; -0.48; -2.24; 17.9985; 17.3700; 16.8060; 16.8855; 16.6302; 16.3687; 105.652; 61.013; 28.691; 0.0183; 0.0087; -0.0019; 1.28; 0.53; -0.11;
21; 16.2892; 16.0356; 15.7326; 212.786; 153.884; 93.327; 0.0082; 0.0008; -0.0086; 1.70; 0.12; -1.64;
3; 2.57; -0.20; -2.70;
31; -1.65; -5.31; -7.98;
5; 47.00;
0; 09; 05:40:00; 19.06.2008; 3GC9,5;
1; 3.68; 0.49; -3.09; 18.9526; 18.5512; 18.1973;
2; 3.40; 0.75; -1.03; 17.0445; 16.7064; 16.4482; 16.6072; 16.3212; 16.0507; 219.821; 164.036; 105.970; 0.0183; 0.0091; 0.0015; 3.94; 1.50; 0.16;
21; 15.9314; 15.6585; 15.3351; 240.858; 210.976; 134.811; 0.0351; 0.0118; -0.0053; 6.94; 2.36; -1.14;
3; 2.57; -0.22; -3.76;
31; -2.70; -5.35; -9.03;
5; 47.00;
0; 09; 05:50:00; 19.06.2008; 3GC9,5;
1; 11.12; 5.38; -0.38; 18.7538; 18.4542; 18.1973;
2; 7.42; 3.78; 0.18; 17.2035; 16.8739; 16.4879; 16.3289; 16.1541; 16.0109; 283.266; 225.740; 134.274; 0.0486; 0.0238; 0.0082; 10.29; 5.30; 1.81;
21; 15.7724; 15.5130; 15.2159; 311.660; 283.699; 200.154; 0.0654; 0.0199; 0.0082; 14.83; 5.61; 2.47;
3; 3.63; -0.21; -3.76;
31; -2.70; -5.29; -7.98;
5; 47.00;
0; 09; 06:00:00; 19.06.2008; 3GC9,5;
1; 17.21; 12.07; 7.74; 18.8333; 18.6527; 18.4755;
2; 11.84; 8.44; 4.60; 17.2830; 17.0483; 16.8457; 16.4084; 16.2536; 16.0904; 337.011; 313.414; 200.899; 0.0856; 0.0244; 0.0183; 20.56; 7.58; 5.25;
21; 15.8916; 15.6980; 15.5339; 341.446; 323.547; 206.392; 0.1226; 0.0213; 0.0082; 30.22; 6.60; 2.58;
3; 2.57; -0.29; -3.76;
31; -2.70; -5.27; -9.03;
5; 47.00;
0; 09; 06:10:00; 19.06.2008; 3GC9,5;
1; 29.39; 20.80; 14.50; 18.7538; 18.6281; 18.4358;
2; 19.09; 14.55; 10.64; 17.4420; 17.0976; 16.8855; 16.5674; 16.3562; 16.0904; 357.046; 341.825; 202.966; 0.1360; 0.0286; 0.0149; 36.09; 9.26; 5.06;
21; 16.2494; 15.8761; 15.5736; 359.849; 328.455; 174.422; 0.2302; 0.0662; 0.0082; 64.18; 20.09; 2.80;
3; 3.63; -0.34; -4.81;
31; 127.06; -4.53; -19.58;
5; 47.00;
0; 09; 06:20:00; 19.06.2008; 3GC9,5;
1; 37.51; 31.34; 24.65; 18.9128; 18.6998; 18.3960;
2; 23.11; 20.11; 16.67; 17.8395; 17.5499; 17.2035; 16.9650; 16.6491; 16.4084; 364.360; 342.224; 164.008; 0.1730; 0.0603; 0.0149; 47.09; 19.30; 5.33;
21; 16.6469; 16.3284; 15.9712; 369.362; 358.533; 180.504; 0.2706; 0.0408; 0.0048; 73.89; 13.88; 1.75;
3; 172.42; 0.06; -7.98;
31; 35.28; -4.81; -19.58;
5; 47.00;
0; 09; 06:30:00; 19.06.2008; 3GC9,5;
1; 55.77; 43.21; 33.45; 19.2308; 18.9991; 18.6743;
2; 27.94; 24.93; 21.50; 18.1973; 17.9628; 17.5612; 17.7998; 17.2870; 16.6867; 369.767; 356.911; 162.895; 0.2336; 0.0575; 0.0149; 63.85; 19.56; 3.59;
21; 17.1637; 16.8341; 16.4482; 374.040; 330.759; 162.882; 0.3513; 0.1811; 0.0116; 103.91; 56.33; 3.53;
3; 137.61; 0.71; -7.98;
31; 178.75; 17.10; -19.58;
5; 47.00;
0; 09; 06:40:00; 19.06.2008; 3GC9,5;
1; 88.24; 65.34; 44.27; 19.2308; 18.9075; 18.6743;
2; 35.18; 30.38; 26.33; 18.1178; 17.9268; 17.7600; 18.1178; 17.8682; 17.5215; 373.742; 341.537; 191.994; 0.2672; 0.1280; 0.0149; 86.18; 40.76; 5.54;
21; 17.2035; 17.0635; 16.8855; 288.891; 288.571; 288.111; 0.4152; 0.3631; 0.3177; 119.82; 104.77; 91.57;
3; 187.19; 14.86; -7.98;
31; 83.80; 65.74; 45.83;
5; 47.00;
0; 09; 06:50:00; 19.06.2008; 3GC9,5;
1; 114.63; 96.54; 84.86; 18.9128; 18.6238; 18.3563;
2; 40.41; 36.28; 32.77; 18.2370; 17.9855; 17.6408; 18.3165; 18.0915; 17.9190; 290.421; 290.005; 289.626; 0.3076; 0.2810; 0.2537; 89.23; 81.48; 73.57;
21; 17.3227; 17.1246; 16.9650; 288.891; 288.580; 288.111; 0.4791; 0.4389; 0.4051; 138.34; 126.66; 116.91;
3; 71.15; 62.01; 53.21;
31; 98.57; 88.19; 80.64;
5; 47.00;
0; 09; 07:00:00; 19.06.2008; 3GC9,5;
1; 140.34; 125.53; 111.92; 19.1116; 18.7242; 18.3960;
2; 45.24; 41.18; 38.00; 18.7141; 18.3311; 17.9190; 18.5153; 18.2890; 18.0383; 290.421; 290.076; 289.626; 0.3479; 0.3227; 0.3008; 100.94; 93.61; 87.23;
21; 17.5612; 17.3232; 17.0047; 327.567; 303.868; 217.933; 0.5363; 0.4782; 0.4152; 161.20; 145.26; 116.88;
3; 86.97; 71.13; 55.32;
31; 119.67; 106.40; 60.60;
5; 47.00;
0; 09; 07:10:00; 19.06.2008; 3GC9,5;
1; 168.07; 151.48; 136.95; 19.5489; 19.1497; 18.8731;
2; 50.47; 46.07; 42.02; 19.3501; 18.8467; 18.5153; 18.8731; 18.5061; 18.2370; 290.421; 290.091; 289.626; 0.3984; 0.3651; 0.3378; 115.57; 105.90; 98.01;
21; 18.1575; 17.7447; 17.4022; 329.126; 313.422; 296.532; 0.5834; 0.5248; 0.4657; 184.18; 164.51; 150.50;
3; 96.46; 87.09; 79.58;
31; 140.77; 119.87; 91.19;
5; 47.00;
0; 09; 07:20:00; 19.06.2008; 3GC9,5;
1; 198.52; 180.93; 164.69; 20.1451; 19.8625; 19.4296;
2; 60.53; 53.81; 48.46; 19.9861; 19.6371; 19.1911; 19.3899; 18.9805; 18.5948; 344.961; 308.825; 219.503; 0.4522; 0.4091; 0.3715; 148.27; 126.34; 98.52;
21; 18.9128; 18.3975; 17.8793; 331.777; 315.812; 298.716; 0.7045; 0.6021; 0.5195; 222.41; 190.13; 169.67;
3; 134.44; 110.18; 11.01;
31; 162.93; 144.58; 120.73;
5; 47.00;
0; 09; 07:30:00; 19.06.2008; 3GC9,5;
1; 241.81; 216.93; 197.84; 20.8209; 20.2561; 19.7476;
2; 75.82; 66.56; 58.92; 21.0595; 20.3772; 19.7874; 20.2644; 19.6871; 19.2308; 352.117; 333.310; 313.000; 0.6574; 0.5207; 0.4085; 220.92; 173.61; 141.56;
21; 20.0259; 19.3035; 18.7538; 403.983; 318.956; 211.695; 0.9769; 0.7718; 0.0149; 322.10; 246.08; 3.87;
3; 210.40; 157.51; 111.23;
31; 293.74; 201.28; -18.53;
5; 47.00;
0; 09; 07:40:00; 19.06.2008; 3GC9,5;
1; 263.46; 237.45; 115.31; 21.5365; 20.9818; 20.5824;
2; 75.42; 69.13; 63.75; 21.9340; 21.3086; 20.9004; 21.4172; 20.7655; 20.1451; 354.979; 337.771; 319.520; 0.7348; 0.6437; 0.4791; 246.68; 217.38; 162.76;
21; 21.5762; 20.6615; 19.8669; 346.593; 324.647; 308.541; 1.1014; 0.9371; 0.7247; 360.61; 304.22; 238.28;
3; 237.83; 212.17; 152.38;
31; 302.18; 252.53; 196.69;
5; 47.00;
0; 09; 07:50:00; 19.06.2008; 3GC9,5;
1; 289.85; 267.11; 149.81; 22.6098; 22.0199; 21.4570;
2; 107.60; 89.97; 73.40; 23.3651; 22.4428; 21.6557; 22.7688; 21.9969; 21.2582; 399.342; 331.927; 235.722; 1.0005; 0.8395; 0.0217; 341.20; 278.45; 8.63;
21; 23.2061; 22.3124; 21.2582; 345.501; 323.772; 308.697; 1.3335; 1.1713; 0.9467; 431.27; 379.09; 301.98;
3; 313.79; 271.34; -6.92;
31; 357.04; 322.65; 246.27;
5; 47.00;
0; 09; 08:00:00; 19.06.2008; 3GC9,5;
1; 329.76; 306.31; 189.72; 23.2061; 22.6375; 22.2123;
2; 166.35; 141.58; 107.60; 25.6310; 24.3389; 23.1663; 24.2794; 23.4091; 22.5700; 356.251; 339.018; 319.679; 1.3099; 1.1080; 0.7987; 449.59; 375.65; 270.30;
21; 25.3130; 24.0949; 23.0471; 338.483; 317.725; 299.339; 1.7270; 1.5204; 1.1754; 554.97; 483.14; 376.77;
3; 441.44; 380.34; 263.15;
31; 473.09; 425.74; 329.61;
5; 47.00;
0; 09; 08:10:00; 19.06.2008; 3GC9,5;
1; 381.18; 339.70; 255.34; 23.2856; 23.0481; 22.8086;
2; 204.57; 179.05; 148.24; 26.5850; 26.1015; 25.5117; 25.9490; 25.0459; 24.1204; 360.703; 343.273; 326.993; 1.5622; 1.3587; 1.1216; 538.90; 466.41; 381.19;
21; 27.4198; 26.3039; 25.0744; 414.588; 315.829; 240.858; 2.0869; 1.8444; 0.0183; 714.07; 581.74; 7.57;
3; 562.76; 481.96; 386.58;
31; 588.08; 513.52; -30.13;
5; 47.00;
0; 09; 08:20:00; 19.06.2008; 3GC9,5;
1; 423.12; 374.82; 173.49; 23.0471; 22.6532; 22.2123;
2; 245.21; 214.92; 111.63; 27.0621; 26.6618; 26.1875; 27.4198; 26.5485; 25.7105; 361.339; 341.781; 322.064; 1.9558; 1.6564; 0.7516; 678.74; 566.50; 265.72;
21; 29.6062; 28.2778; 27.1018; 336.300; 316.459; 300.119; 2.6218; 2.2086; 1.2427; 817.58; 698.52; 395.04;
3; 686.19; 593.12; 252.60;
31; 708.34; 625.26; 344.38;
5; 47.00;
0; 09; 08:30:00; 19.06.2008; 3GC9,5;
1; 435.30; 391.81; 168.75; 22.4508; 22.2075; 21.9738;
2; 266.94; 233.36; 108.41; 27.4596; 26.6173; 25.6310; 28.3341; 27.7260; 27.2211; 399.660; 342.716; 234.768; 2.1542; 1.7912; 0.0250; 744.17; 613.61; 10.00;
21; 30.6795; 29.9720; 29.4472; 329.906; 314.501; 296.064; 2.7899; 2.4105; 1.2763; 878.65; 758.59; 395.38;
3; 753.71; 645.31; -5.87;
31; 772.70; 677.00; 334.89;
5; 47.00;
0; 09; 08:40:00; 19.06.2008; 3GC9,5;
1; 486.04; 456.98; 430.56; 22.4508; 22.1752; 21.9340;
2; 317.23; 288.84; 264.92; 28.4534; 27.6541; 26.7043; 29.3677; 28.8070; 28.1354; 361.657; 344.370; 327.152; 2.4738; 2.2378; 1.9322; 852.96; 770.63; 691.64;
21; 32.2696; 31.2832; 30.4410; 421.605; 311.089; 246.316; 3.3853; 2.9734; 0.0183; 1225.95; 923.26; 7.71;
3; 905.62; 818.88; 734.72;
31; 913.01; 830.81; -26.97;
5; 47.00;
0; 09; 08:50:00; 19.06.2008; 3GC9,5;
1; 542.87; 522.64; 475.21; 22.2918; 21.9426; 21.6557;
2; 369.54; 352.98; 316.83; 29.9640; 28.3522; 27.2608; 30.7193; 29.8133; 29.1292; 364.360; 344.986; 327.788; 2.9783; 2.7453; 2.2921; 1036.16; 947.02; 826.41;
21; 34.0982; 33.1570; 32.1504; 326.319; 310.742; 293.413; 3.8865; 3.5788; 3.1768; 1207.05; 1112.06; 1010.71;
3; 1062.81; 1011.84; 882.41;
31; 1049.10; 1005.66; 911.95;
5; 47.00;
0; 09; 09:00:00; 19.06.2008; 3GC9,5;
1; 555.04; 530.81; 383.21; 22.2918; 21.9422; 21.5365;
2; 403.74; 378.98; 259.29; 29.8447; 29.1184; 28.3341; 31.4348; 30.9818; 30.5205; 412.222; 342.622; 240.015; 3.3988; 2.9442; 0.0250; 1288.24; 1007.77; 10.30;
21; 35.4498; 34.5742; 33.7405; 328.970; 310.435; 293.725; 4.2296; 3.8322; 2.7799; 1319.62; 1189.32; 868.10;
3; 1155.65; 1078.05; -5.87;
31; 1140.88; 1076.81; 780.08;
5; 47.00;
0; 09; 09:10:00; 19.06.2008; 3GC9,5;
1; 569.25; 544.84; 494.83; 21.7750; 21.3883; 21.0992;
2; 433.11; 412.25; 369.94; 29.4472; 28.7810; 28.0956; 31.9516; 31.6334; 31.1963; 366.109; 344.619; 324.449; 3.5131; 3.1947; 2.6689; 1206.87; 1100.65; 970.73;
21; 36.6821; 36.0162; 35.3305; 426.440; 308.891; 248.655; 4.9494; 4.1362; 0.0217; 1856.06; 1276.06; 7.24;
3; 1245.32; 1178.72; 1040.66;
31; 1216.84; 1156.05; -26.97;
5; 47.00;
0; 09; 09:20:00; 19.06.2008; 3GC9,5;
1; 577.37; 561.95; 486.71; 21.3775; 21.0925; 20.8209;
2; 465.30; 443.52; 364.71; 29.1689; 28.4032; 27.9366; 31.9914; 31.7205; 31.5143; 361.498; 343.023; 325.244; 3.7553; 3.4725; 2.7092; 1310.12; 1191.09; 965.88;
21; 36.6821; 36.4796; 36.2449; 325.695; 308.881; 293.101; 4.8182; 4.4392; 3.7520; 1478.94; 1371.11; 1158.22;
3; 1339.21; 1276.26; 1033.27;
31; 1294.91; 1242.56; 1046.99;
5; 47.00;
0; 09; 09:30:00; 19.06.2008; 3GC9,5;
1; 688.99; 624.44; 570.60; 21.4172; 21.1619; 20.7812;
2; 590.02; 518.38; 461.67; 31.5143; 29.8733; 28.0559; 33.3429; 32.2541; 31.4746; 362.929; 344.664; 325.721; 4.7611; 4.0261; 3.3012; 1628.59; 1387.36; 1169.12;
21; 39.5045; 37.4852; 36.2449; 322.108; 305.860; 291.698; 5.8408; 5.1148; 4.4516; 1779.35; 1564.29; 1420.58;
3; 1689.46; 1486.67; 1281.19;
31; 1576.58; 1418.34; 1290.69;
5; 47.00;
0; 09; 09:40:00; 19.06.2008; 3GC9,5;
1; 682.91; 655.59; 630.81; 21.5365; 21.2790; 21.0595;
2; 584.79; 562.05; 543.35; 32.1901; 30.7532; 29.8447; 34.6150; 33.8311; 33.1839; 416.038; 337.674; 245.898; 4.7745; 4.4157; 0.0250; 1816.13; 1489.96; 10.41;
21; 41.4127; 40.4520; 39.3455; 318.989; 302.280; 288.111; 5.9148; 5.5452; 5.0638; 1801.30; 1676.16; 1595.02;
3; 1673.64; 1596.70; -4.81;
31; 1566.03; 1519.45; 1453.15;
5; 47.00;
0; 09; 09:50:00; 19.06.2008; 3GC9,5;
1; 724.85; 653.82; 573.99; 21.6160; 21.3993; 21.2185;
2; 618.99; 561.72; 495.07; 31.6733; 30.9417; 30.0435; 35.4498; 34.8817; 34.2970; 357.364; 339.100; 319.361; 4.9730; 4.3883; 3.7890; 1683.06; 1487.79; 1306.68;
21; 42.1680; 41.6047; 41.2139; 426.440; 302.901; 251.306; 6.3487; 5.5497; 0.0217; 2378.25; 1678.21; 9.23;
3; 1753.82; 1593.59; 1400.40;
31; 1651.48; 1521.40; -25.91;
5; 47.00;
0; 09; 10:00:00; 19.06.2008; 3GC9,5;
1; 853.39; 701.90; 442.74; 22.2123; 21.8374; 21.3377;
2; 746.14; 609.43; 395.69; 34.5753; 33.3630; 31.5143; 37.2784; 36.5647; 35.3305; 356.887; 336.894; 318.248; 5.7903; 4.7439; 2.9447; 1987.27; 1599.50; 1023.38;
21; 44.6724; 43.7890; 42.1282; 316.026; 298.152; 281.717; 6.9844; 5.9963; 4.2262; 2087.30; 1788.99; 1241.35;
3; 2065.03; 1711.79; 1099.74;
31; 1888.85; 1620.96; 1119.78;
5; 47.00;
0; 09; 10:10:00; 19.06.2008; 3GC9,5;
1; 762.06; 707.52; 406.89; 22.0930; 21.8793; 21.6160;
2; 674.12; 628.20; 368.73; 34.7343; 32.5074; 30.6000; 37.5567; 36.8001; 36.2846; 413.653; 337.287; 243.831; 5.5112; 4.8857; 0.0250; 2089.09; 1646.68; 10.35;
21; 45.1891; 44.0503; 42.8040; 315.870; 298.439; 279.066; 6.8936; 6.2624; 4.0950; 2066.99; 1869.59; 1208.11;
3; 1909.95; 1761.64; -4.81;
31; 1790.74; 1693.44; 1092.35;
5; 47.00;
0; 09; 10:20:00; 19.06.2008; 3GC9,5;
1; 831.74; 799.86; 753.26; 22.4508; 22.0432; 21.7352;
2; 726.42; 698.27; 661.64; 36.8014; 34.6443; 32.9057; 39.2660; 38.1714; 37.3182; 352.753; 334.602; 317.134; 5.8341; 5.4497; 4.8519; 1972.55; 1823.38; 1690.61;
21; 47.2960; 46.0598; 45.0699; 427.843; 296.217; 260.352; 7.8556; 6.8425; 0.0183; 2890.78; 2022.78; 7.82;
3; 2022.83; 1948.99; 1825.55;
31; 1902.57; 1831.29; -25.91;
5; 47.00;
0; 09; 10:30:00; 19.06.2008; 3GC9,5;
1; 801.97; 774.91; 747.18; 22.3713; 21.9729; 21.6955;
2; 709.52; 695.10; 680.15; 36.0063; 34.3749; 33.3429; 39.5045; 39.1922; 38.9878; 352.276; 334.614; 318.089; 5.6995; 5.3995; 4.8855; 1929.91; 1806.62; 1707.46;
21; 47.2563; 46.8566; 46.3420; 310.412; 294.690; 278.754; 7.3813; 6.9252; 6.3823; 2165.96; 2040.66; 1925.33;
3; 1970.08; 1930.00; 1833.99;
31; 1875.14; 1846.25; 1786.52;
5; 47.00;
0; 09; 10:40:00; 19.06.2008; 3GC9,5;
1; 814.15; 777.76; 762.74; 22.6495; 22.3098; 21.6955;
2; 749.36; 714.02; 698.66; 38.7890; 37.1305; 35.5691; 41.2139; 40.4178; 39.2263; 349.413; 331.388; 315.067; 5.8307; 5.5417; 5.0100; 1953.83; 1836.29; 1744.18;
21; 48.1706; 47.4487; 46.8587; 310.256; 292.330; 275.635; 7.6303; 7.1487; 6.5270; 2216.21; 2089.45; 2006.71;
3; 2054.48; 1960.74; 1867.75;
31; 1966.92; 1889.41; 1831.88;
5; 47.00;
0; 09; 10:50:00; 19.06.2008; 3GC9,5;
1; 832.42; 797.85; 621.34; 22.9278; 22.4473; 21.9738;
2; 772.29; 740.05; 524.84; 39.6238; 36.9611; 35.0523; 42.3270; 41.6045; 41.0549; 411.427; 331.926; 247.965; 6.3453; 5.6789; 0.0284; 2406.13; 1883.53; 11.66;
21; 50.2377; 49.1201; 48.0513; 305.577; 289.683; 275.791; 7.9296; 7.3786; 5.6625; 2310.58; 2137.59; 1609.36;
3; 2113.56; 2009.60; -5.87;
31; 2003.84; 1932.06; 1457.37;
5; 47.00;
0; 09; 11:00:00; 19.06.2008; 3GC9,5;
1; 845.27; 818.25; 710.64; 23.1266; 22.6088; 22.3713;
2; 800.05; 771.39; 641.12; 39.7033; 37.5421; 36.2051; 43.4400; 42.6545; 42.1680; 348.300; 329.862; 313.954; 6.3352; 5.9481; 5.0369; 2064.74; 1961.89; 1638.21;
21; 51.4700; 50.8706; 50.0787; 423.009; 289.800; 260.975; 8.3400; 7.6290; 0.0250; 2349.54; 2206.02; 8.55;
3; 2166.31; 2091.16; 1749.60;
31; 2060.81; 1992.02; -24.86;
5; 47.00;
0; 09; 11:10:00; 19.06.2008; 3GC9,5;
1; 925.10; 784.53; 415.68; 23.1663; 22.9122; 22.6495;
2; 881.73; 744.59; 384.42; 40.1803; 38.3470; 36.8014; 43.8773; 43.5328; 43.2015; 346.074; 327.839; 310.456; 6.7658; 5.7583; 3.0019; 2229.58; 1889.24; 963.45;
21; 51.7880; 50.6818; 49.4029; 303.706; 283.754; 270.488; 8.5586; 7.5980; 4.5794; 2446.19; 2157.37; 1257.96;
3; 2369.92; 2014.67; 1028.00;
31; 2204.29; 1949.19; 1139.83;
5; 47.00;
0; 09; 11:20:00; 19.06.2008; 3GC9,5;
1; 967.04; 518.50; 318.94; 22.9278; 22.5522; 22.1328;
2; 929.61; 502.34; 309.99; 36.7219; 32.8524; 29.9640; 43.7183; 41.2145; 38.3915; 408.883; 319.131; 238.425; 7.3578; 3.9605; 0.0250; 2424.67; 1271.40; 9.34;
21; 51.2712; 47.1575; 43.5593; 293.257; 273.998; 256.141; 9.0464; 5.5698; 3.6679; 2619.05; 1531.81; 989.25;
3; 2573.53; 1357.40; -4.81;
31; 2358.31; 1385.90; 888.74;
5; 47.00;
0; 09; 11:30:00; 19.06.2008; 3GC9,5;
1; 984.63; 557.05; 275.64; 22.6495; 22.3151; 22.0135;
2; 957.77; 543.60; 271.76; 35.4896; 32.8193; 29.6857; 39.1468; 38.0229; 37.1592; 346.233; 322.597; 298.053; 7.3780; 4.2887; 2.1677; 2505.23; 1395.28; 685.38;
21; 45.6662; 43.3249; 41.3729; 423.321; 287.252; 248.187; 8.9925; 5.6235; 0.0183; 2667.98; 1624.54; 6.06;
3; 2655.81; 1486.10; 723.11;
31; 2400.51; 1466.46; -26.97;
5; 47.00;
0; 09; 11:40:00; 19.06.2008; 3GC9,5;
1; 973.81; 687.07; 246.55; 23.1266; 22.5952; 22.2520;
2; 948.52; 668.74; 242.39; 40.4188; 35.2652; 31.0373; 40.3393; 38.0717; 36.5231; 358.318; 333.526; 308.389; 7.2468; 5.0726; 1.7943; 2507.62; 1705.21; 607.27;
21; 48.0513; 44.1544; 40.6574; 313.999; 289.928; 265.654; 9.0665; 6.6684; 2.8740; 2690.22; 1946.89; 799.24;
3; 2557.70; 1813.01; 633.44;
31; 2344.60; 1755.42; 713.62;
5; 47.00;
0; 09; 11:50:00; 19.06.2008; 3GC9,5;
1; 932.54; 903.27; 866.92; 23.1266; 22.8804; 22.6495;
2; 903.46; 879.74; 845.52; 42.5655; 39.9241; 37.9542; 44.1953; 42.1323; 40.2201; 408.247; 329.817; 248.124; 7.4520; 6.6976; 0.0250; 2768.57; 2207.13; 10.21;
21; 54.5309; 51.4283; 48.0513; 303.082; 284.937; 270.332; 9.1204; 8.6643; 8.1012; 2627.61; 2468.70; 2348.84;
3; 2427.94; 2347.43; -2.70;
31; 2288.68; 2224.75; 2156.81;
5; 47.00;
0; 09; 12:00:00; 19.06.2008; 3GC9,5;
1; 976.52; 811.77; 476.57; 23.4843; 23.1383; 22.8086;
2; 938.46; 789.41; 462.48; 42.2077; 40.3488; 37.7157; 45.9444; 45.2256; 43.9966; 338.760; 321.270; 299.007; 7.3242; 6.0879; 3.6712; 2401.44; 1960.38; 1156.10;
21; 55.1670; 54.1666; 52.5831; 422.073; 281.235; 256.921; 9.5576; 7.9185; 0.0183; 3710.38; 2226.93; 7.72;
3; 2476.47; 2088.03; 1240.05;
31; 2301.34; 2009.78; -25.91;
5; 47.00;
0; 09; 12:10:00; 19.06.2008; 3GC9,5;
1; 988.69; 924.32; 525.28; 23.8819; 23.5304; 23.2458;
2; 973.87; 912.09; 508.35; 44.5531; 42.1698; 39.8623; 48.3693; 47.0386; 45.8252; 336.693; 320.747; 306.004; 7.6202; 6.9669; 4.1220; 2449.33; 2235.24; 1261.99;
21; 57.8701; 56.4531; 54.9285; 292.789; 278.167; 253.646; 9.6653; 9.0053; 6.1772; 2665.92; 2505.68; 1689.47;
3; 2536.60; 2377.92; 1353.98;
31; 2365.70; 2259.04; 1539.66;
5; 47.00;
0; 09; 12:20:00; 19.06.2008; 3GC9,5;
1; 998.16; 891.25; 559.10; 23.7229; 23.5574; 23.3651;
2; 985.54; 887.69; 549.39; 42.4065; 41.2306; 39.9418; 48.6078; 48.1524; 47.8128; 338.283; 320.730; 291.852; 7.5596; 6.8033; 4.4449; 2432.93; 2184.51; 1365.80;
21; 57.6316; 56.2046; 55.2465; 286.395; 270.325; 256.453; 9.9075; 9.0446; 6.3992; 2727.11; 2447.79; 1666.03;
3; 2568.25; 2323.70; 1464.76;
31; 2357.26; 2207.94; 1511.17;
5; 47.00;
0; 09; 12:30:00; 19.06.2008; 3GC9,5;
1; 988.02; 957.82; 658.55; 24.4384; 23.9044; 23.3253;
2; 988.35; 957.54; 627.85; 45.9842; 43.9605; 40.7369; 50.3172; 49.2559; 48.2501; 404.431; 316.604; 246.375; 8.0373; 7.3664; 0.0284; 3008.55; 2330.34; 11.14;
21; 60.1360; 58.6972; 57.3534; 289.203; 274.284; 260.352; 10.1799; 9.5285; 8.7302; 2767.84; 2613.29; 2383.19;
3; 2555.59; 2475.23; -4.81;
31; 2395.24; 2352.56; 2149.43;
5; 47.00;
0; 09; 12:40:00; 19.06.2008; 3GC9,5;
1; 1011.02; 988.02; 872.33; 24.7167; 24.3306; 23.9614;
2; 1013.70; 994.64; 862.42; 47.7333; 44.5412; 42.0884; 51.2315; 50.7453; 50.1979; 377.399; 322.799; 299.961; 7.9666; 7.1880; 3.5199; 2527.07; 2301.04; 1121.31;
21; 60.8913; 60.2559; 59.5397; 417.707; 271.934; 255.829; 10.4826; 9.7988; 0.0217; 3949.99; 2655.95; 9.04;
3; 2589.35; 2442.13; 1410.95;
31; 2459.59; 2388.65; -25.91;
5; 47.00;
0; 09; 12:50:00; 19.06.2008; 3GC9,5;
1; 1165.27; 1046.49; 796.56; 24.9154; 24.6076; 24.2794;
2; 1150.50; 1045.63; 767.86; 49.7209; 46.7134; 44.1953; 53.9347; 52.3277; 51.0327; 377.240; 337.579; 302.188; 8.3164; 6.5224; 3.4862; 2661.23; 2166.88; 1111.95;
21; 62.4814; 60.9981; 59.7782; 284.524; 270.630; 244.444; 11.0242; 10.2664; 8.1247; 2985.35; 2778.95; 1996.73;
3; 2805.62; 2295.62; 1388.80;
31; 2671.64; 2496.15; 1824.50;
5; 47.00;
0; 09; 13:00:00; 19.06.2008; 3GC9,5;
1; 1160.53; 885.86; 483.33; 24.8359; 24.4983; 24.2396;
2; 1173.03; 878.21; 479.78; 45.5469; 42.6502; 38.9083; 53.8551; 52.6611; 50.7147; 377.399; 323.237; 288.672; 8.4981; 6.0175; 3.4728; 2753.40; 1941.39; 1147.74;
21; 61.7659; 58.6968; 54.8490; 283.120; 262.830; 234.308; 11.0242; 8.7651; 5.4910; 3040.45; 2320.21; 1328.35;
3; 2894.24; 2063.43; 1232.66;
31; 2725.44; 2089.66; 1229.50;
5; 31.00;
0; 09; 13:10:00; 19.06.2008; 3GC9,5;
1; 1077.99; 1011.85; 774.91; 24.9154; 24.6650; 24.3589;
2; 1082.91; 1015.42; 708.72; 46.6202; 44.4544; 40.4984; 52.6626; 51.7824; 50.8340; 374.696; 330.049; 307.594; 7.9700; 7.0753; 3.5468; 2609.78; 2321.35; 1148.27;
21; 60.8118; 59.4271; 56.0813; 415.835; 274.038; 259.884; 10.9300; 9.9093; 0.0250; 4193.65; 2708.06; 10.40;
3; 2757.09; 2458.15; 1412.01;
31; 2638.93; 2431.86; -25.91;
5; 32.00;
0; 09; 13:20:00; 19.06.2008; 3GC9,5;
1; 1055.67; 1024.39; 996.14; 25.2732; 24.9305; 24.4782;
2; 1057.56; 1032.12; 991.17; 48.2501; 46.5307; 43.4400; 54.6899; 53.6512; 52.4638; 374.696; 336.737; 306.322; 8.1113; 6.4022; 3.4862; 2574.94; 2121.34; 1126.11;
21; 63.5547; 62.2311; 60.5733; 285.772; 271.849; 257.544; 10.6508; 10.0607; 9.3827; 2900.86; 2734.84; 2599.11;
3; 2633.66; 2247.96; 1386.69;
31; 2510.23; 2454.84; 2387.85;
5; 47.00;
0; 09; 13:30:00; 19.06.2008; 3GC9,5;
1; 1070.55; 1030.82; 789.80; 25.3527; 24.9859; 24.7167;
2; 1098.60; 1055.15; 783.15; 50.0787; 46.8434; 44.2351; 55.5247; 54.7890; 54.1732; 374.696; 336.674; 305.209; 8.4073; 6.4614; 3.4728; 2646.18; 2139.40; 1177.62;
21; 65.9001; 64.6151; 63.2765; 281.249; 267.109; 254.113; 11.0242; 10.3214; 8.5620; 2965.21; 2756.98; 2213.10;
3; 2722.28; 2267.67; 1356.09;
31; 2555.59; 2475.84; 1999.62;
5; 47.00;
0; 09; 13:40:00; 19.06.2008; 3GC9,5;
1; 1073.93; 978.43; 548.95; 25.3925; 25.1438; 24.8359;
2; 1101.41; 992.76; 559.85; 47.6935; 45.5044; 43.4003; 55.4850; 54.9643; 54.0539; 373.424; 329.608; 304.096; 8.1214; 6.6129; 3.5535; 2581.12; 2157.33; 1140.90;
21; 64.8268; 63.0372; 62.0044; 279.845; 266.303; 251.306; 10.9704; 10.0172; 6.7692; 2953.67; 2668.92; 1701.13;
3; 2696.96; 2290.30; 1391.96;
31; 2574.58; 2400.13; 1544.93;
5; 47.00;
0; 09; 13:50:00; 19.06.2008; 3GC9,5;
1; 1079.35; 843.04; 313.53; 25.2732; 24.9714; 24.5974;
2; 1111.07; 858.59; 320.85; 45.9444; 43.1384; 38.0735; 54.1732; 53.0620; 50.5557; 375.809; 322.093; 292.806; 8.5183; 5.9389; 2.5478; 2708.21; 1914.28; 757.80;
21; 62.3224; 60.6717; 56.7968; 417.395; 267.727; 238.050; 11.0242; 8.7737; 0.0217; 4055.84; 2357.10; 9.03;
3; 2864.70; 2033.86; 807.51;
31; 2670.58; 2121.59; -22.75;
5; 46.00;
0; 09; 14:00:00; 19.06.2008; 3GC9,5;
1; 1050.26; 955.84; 340.59; 25.0744; 24.8416; 24.5974;
2; 1096.18; 974.04; 319.24; 45.5072; 42.4839; 38.6300; 51.5098; 50.7108; 50.0389; 378.671; 319.588; 296.781; 8.4813; 7.1266; 2.5242; 2728.81; 2271.63; 750.75;
21; 61.4081; 59.5398; 57.2341; 288.579; 271.683; 246.316; 10.8089; 9.5547; 4.0311; 2989.43; 2605.22; 1009.28;
3; 2834.10; 2408.86; 798.02;
31; 2618.89; 2340.76; 910.90;
5; 47.00;
0; 09; 14:10:00; 19.06.2008; 3GC9,5;
1; 1031.99; 937.64; 302.70; 25.5515; 25.1114; 24.7167;
2; 1038.65; 943.76; 283.03; 47.7333; 44.5935; 42.5257; 51.7880; 50.8909; 50.1979; 378.830; 325.045; 293.760; 8.0507; 6.6795; 2.1408; 2591.23; 2153.22; 663.54;
21; 61.5671; 60.1250; 58.7844; 287.643; 274.322; 257.077; 10.2909; 9.3518; 3.7250; 2855.79; 2570.58; 958.20;
3; 2647.37; 2282.94; 700.96;
31; 2472.25; 2309.57; 863.42;
5; 46.00;
0; 09; 14:20:00; 19.06.2008; 3GC9,5;
1; 1004.25; 991.09; 979.22; 25.6707; 25.3599; 25.0744;
2; 1016.92; 998.03; 980.71; 49.2836; 46.9615; 44.7519; 53.9347; 52.7263; 51.5098; 374.855; 337.444; 306.163; 7.6235; 6.2906; 3.5098; 2456.98; 2095.01; 1203.39;
21; 63.0379; 61.4910; 60.2950; 414.900; 270.559; 249.591; 10.5869; 9.8763; 0.0217; 3902.75; 2661.69; 8.98;
3; 2543.99; 2221.63; 1397.24;
31; 2447.98; 2392.26; -25.91;
5; 47.00;
0; 09; 14:30:00; 19.06.2008; 3GC9,5;
1; 1073.93; 911.16; 283.76; 25.6310; 25.1231; 24.6769;
2; 1080.09; 904.52; 266.53; 47.8128; 42.9373; 38.7890; 53.8949; 52.8399; 51.3905; 372.311; 326.798; 301.075; 8.1180; 6.1811; 2.0163; 2611.99; 2015.52; 623.73;
21; 63.2765; 61.6841; 59.0627; 282.185; 265.813; 244.133; 10.6777; 8.9944; 3.4930; 2917.23; 2404.77; 878.35;
3; 2726.50; 2139.28; 655.60;
31; 2575.64; 2164.11; 788.52;
5; 46.00;
0; 09; 14:40:00; 19.06.2008; 3GC9,5;
1; 1077.99; 506.71; 242.49; 25.2732; 25.0801; 24.8757;
2; 1083.71; 510.17; 248.83; 43.2810; 38.2702; 33.0647; 51.7483; 49.1718; 44.9506; 332.081; 309.044; 283.902; 8.1079; 3.9454; 1.9322; 2683.55; 1236.78; 591.53;
21; 60.2950; 55.5981; 48.2501; 293.725; 260.316; 235.243; 10.9266; 5.9018; 2.9346; 3016.77; 1557.75; 743.90;
3; 2836.21; 1311.64; 619.73;
31; 2598.84; 1401.52; 666.15;
5; 46.00;
0; 09; 14:50:00; 19.06.2008; 3GC9,5;
1; 1050.93; 997.16; 727.56; 25.7900; 25.4090; 24.9949;
2; 1072.44; 1001.59; 701.07; 45.4276; 42.4505; 35.8473; 49.2439; 47.3385; 44.9904; 341.145; 323.467; 305.527; 8.1886; 7.6179; 5.3362; 2682.26; 2464.77; 1766.13;
21; 60.0168; 55.8078; 49.6811; 415.991; 280.227; 260.196; 10.3414; 9.5564; 0.0217; 2929.71; 2671.66; 9.01;
3; 2834.10; 2611.28; 1890.96;
31; 2590.41; 2401.62; -24.86;
5; 46.00;
0; 09; 15:00:00; 19.06.2008; 3GC9,5;
1; 1020.49; 953.65; 417.03; 25.5912; 25.3582; 25.1142;
2; 1037.44; 954.43; 399.31; 44.5531; 42.7367; 41.1741; 50.0787; 49.5507; 49.0451; 378.671; 326.866; 301.711; 8.0507; 6.8072; 3.0086; 2574.92; 2207.67; 907.72;
21; 61.6466; 60.9855; 59.9770; 280.937; 265.902; 251.150; 10.4356; 9.6968; 4.1354; 2795.19; 2580.15; 1041.19;
3; 2655.81; 2342.11; 969.98;
31; 2487.02; 2321.67; 943.60;
5; 47.00;
0; 09; 15:10:00; 19.06.2008; 3GC9,5;
1; 987.34; 906.38; 328.41; 25.9490; 25.4462; 25.0744;
2; 997.61; 912.43; 326.89; 45.5867; 42.8687; 40.1803; 50.7545; 49.8286; 49.2439; 376.127; 323.406; 301.393; 7.7143; 6.6324; 2.5679; 2471.18; 2133.10; 774.37;
21; 60.2155; 59.6012; 58.7049; 288.579; 272.417; 251.618; 10.1564; 9.2043; 4.0950; 2768.81; 2512.58; 1031.03;
3; 2587.24; 2263.90; 824.39;
31; 2432.16; 2260.75; 932.00;
5; 47.00;
0; 09; 15:20:00; 19.06.2008; 3GC9,5;
1; 984.63; 937.86; 799.27; 25.9887; 25.7400; 25.5117;
2; 973.06; 924.53; 740.91; 45.3879; 43.0775; 41.6114; 50.9135; 50.6179; 50.3172; 374.855; 330.758; 302.983; 7.5563; 6.4164; 3.5131; 2409.57; 2100.58; 1153.71;
21; 59.9373; 59.6155; 59.2615; 289.358; 275.765; 264.250; 9.6989; 9.1185; 7.5394; 2686.97; 2514.67; 2028.75;
3; 2507.06; 2229.88; 1394.07;
31; 2341.43; 2263.49; 1835.05;
5; 47.00;
0; 09; 15:30:00; 19.06.2008; 3GC9,5;
1; 1063.79; 1008.22; 557.75; 26.2670; 25.9482; 25.7105;
2; 1032.21; 976.71; 490.24; 45.9444; 43.6961; 41.3729; 51.6688; 51.1041; 50.6352; 378.671; 338.406; 306.004; 7.7883; 6.2484; 3.4526; 2494.88; 2080.37; 1119.43;
21; 61.9646; 60.5984; 59.7782; 416.147; 269.461; 249.903; 10.5533; 9.7485; 0.0217; 3022.12; 2615.44; 8.99;
3; 2641.04; 2205.70; 1329.72;
31; 2463.81; 2353.33; -24.86;
5; 46.00;
0; 09; 15:40:00; 19.06.2008; 3GC9,5;
1; 1006.96; 760.19; 327.73; 26.0683; 25.7580; 25.4322;
2; 981.91; 719.60; 283.03; 44.2351; 41.3115; 34.4958; 51.7085; 50.5943; 47.3358; 337.647; 318.615; 292.011; 7.4015; 5.4366; 2.1038; 2383.76; 1742.05; 679.85;
21; 61.8851; 59.5581; 52.5036; 282.341; 264.259; 239.454; 10.0353; 7.5435; 3.4728; 2708.81; 2008.43; 892.22;
3; 2529.22; 1852.69; 709.40;
31; 2370.97; 1813.35; 809.62;
5; 46.00;
0; 09; 15:50:00; 19.06.2008; 3GC9,5;
1; 982.60; 531.17; 297.29; 25.8297; 25.5117; 25.2732;
2; 958.98; 507.96; 286.65; 37.6362; 35.0582; 32.5479; 47.4948; 45.0322; 42.0884; 341.622; 319.199; 295.986; 7.4217; 4.0016; 2.2585; 2423.85; 1285.26; 729.53;
21; 52.4638; 50.1844; 46.0637; 289.670; 269.261; 251.618; 9.6283; 5.7575; 3.3281; 2696.46; 1564.55; 865.35;
3; 2573.53; 1368.66; 772.70;
31; 2346.71; 1414.54; 783.25;
5; 31.00;
0; 09; 16:00:00; 19.06.2008; 3GC9,5;
1; 899.39; 318.06; -553.10; 25.5912; -0.9327; -62.5000;
2; 884.14; 372.65; -328.95; 39.9021; 7.3059; -62.5000; 44.1556; 11.7229; -62.5000; 412.063; 203.141; -130.000; 7.2031; 1.4800; -2.7500; 2388.16; 845.33; -1132.30;
21; 51.1122; 15.9536; -62.5000; 428.467; 184.699; -127.500; 9.0699; 2.2873; -2.7500; 2541.00; 979.60; -1146.55;
3; 2323.50; 523.56; -862.50;
31; 2174.75; 526.11; -862.50;
5; 47.00;
0; 09; 16:10:00; 19.06.2008; 3GC9,5;
1; 906.16; 805.19; 309.47; 26.0683; 25.6230; 25.2732;
2; 881.33; 768.35; 282.23; 41.4524; 38.4949; 35.1318; 44.8711; 43.8243; 42.9630; 337.329; 319.891; 291.852; 7.1425; 6.0560; 2.1408; 2298.08; 1940.98; 668.96;
21; 52.5831; 50.8537; 48.5283; 308.229; 289.311; 265.810; 8.4510; 7.5021; 3.3584; 2516.28; 2173.08; 947.17;
3; 2374.14; 2071.08; 693.58;
31; 2200.07; 1963.86; 853.93;
5; 46.00;
0; 09; 16:20:00; 19.06.2008; 3GC9,5;
1; 925.10; 893.16; 680.20; 26.3465; 26.1251; 25.9092;
2; 878.51; 842.18; 618.99; 42.4860; 41.5085; 40.7369; 47.2563; 46.1030; 44.7519; 337.965; 321.878; 306.004; 6.9844; 6.5637; 4.9057; 2250.54; 2112.70; 1544.06;
21; 56.1608; 54.2895; 52.4241; 303.550; 286.354; 272.360; 8.6494; 8.0436; 6.0628; 2458.28; 2303.48; 1677.73;
3; 2337.21; 2252.05; 1655.70;
31; 2143.10; 2081.17; 1521.72;
5; 47.00;
0; 09; 16:30:00; 19.06.2008; 3GC9,5;
1; 898.04; 715.16; 323.67; 26.2273; 25.9447; 25.5912;
2; 854.77; 675.40; 297.11; 42.1282; 39.0964; 34.7343; 47.5345; 46.4387; 44.8314; 406.975; 316.498; 242.082; 6.7221; 5.2986; 0.0284; 2478.35; 1683.27; 11.55;
21; 56.5981; 53.9717; 50.6750; 423.009; 277.857; 251.774; 8.4544; 6.7210; 0.0217; 2400.19; 1873.55; 8.77;
3; 2278.14; 1797.12; -4.81;
31; 2108.29; 1694.96; -28.02;
5; 47.00;
0; 09; 16:40:00; 19.06.2008; 3GC9,5;
1; 798.59; 545.41; 247.23; 26.3068; 25.9803; 25.6310;
2; 754.59; 508.47; 223.88; 40.3791; 37.5811; 33.1839; 45.4674; 44.3590; 41.8102; 339.237; 321.685; 301.870; 5.8980; 3.9673; 1.6093; 1931.20; 1283.57; 535.70;
21; 52.9011; 50.8222; 45.3481; 295.908; 278.879; 258.948; 7.7783; 5.3805; 2.6419; 2179.14; 1501.98; 732.88;
3; 2056.59; 1368.04; 558.54;
31; 1933.16; 1357.69; 659.82;
5; 47.00;
0; 09; 16:50:00; 19.06.2008; 3GC9,5;
1; 840.54; 734.02; 348.03; 26.3068; 26.0566; 25.7502;
2; 784.76; 674.67; 258.08; 39.5045; 37.0376; 33.2237; 43.0425; 42.4577; 41.6512; 345.120; 327.838; 312.682; 6.3891; 5.2972; 1.7439; 2112.55; 1737.66; 558.86;
21; 49.0451; 47.9637; 45.1891; 304.018; 288.059; 273.140; 7.8691; 6.8046; 2.5511; 2263.49; 1960.80; 723.47;
3; 2184.24; 1857.79; 584.91;
31; 2021.78; 1776.65; 647.16;
5; 46.00;
0; 09; 17:00:00; 19.06.2008; 3GC9,5;
1; 717.41; 489.90; 201.22; 26.0683; 25.8554; 25.5912;
2; 664.46; 454.73; 187.27; 37.0001; 34.5575; 32.3889; 42.4065; 40.9529; 39.2263; 340.986; 322.148; 302.983; 5.4372; 3.6135; 1.3099; 1741.29; 1167.23; 430.36;
21; 48.7271; 46.0105; 43.5195; 308.229; 290.251; 271.268; 6.7523; 4.8088; 2.3157; 1949.50; 1398.61; 659.95;
3; 1865.64; 1246.00; 449.88;
31; 1733.77; 1265.62; 584.91;
5; 47.00;
0; 09; 17:10:00; 19.06.2008; 3GC9,5;
1; 716.06; 458.94; 235.05; 26.0683; 25.7752; 25.5117;
2; 647.56; 416.75; 209.00; 36.0063; 34.2106; 31.3553; 39.9021; 39.1061; 37.3977; 401.728; 329.760; 229.202; 5.2219; 3.2490; 0.0183; 1715.33; 1068.53; 7.23;
21; 45.8649; 43.7828; 40.2996; 421.917; 295.557; 251.462; 6.8499; 4.2023; 0.0217; 2574.52; 1241.91; 9.13;
3; 1812.89; 1137.05; -4.81;
31; 1682.08; 1120.57; -25.91;
5; 47.00;
0; 09; 17:20:00; 19.06.2008; 3GC9,5;
1; 698.47; 379.84; 235.05; 25.7900; 25.5703; 25.3130;
2; 614.97; 336.60; 212.22; 34.6548; 32.1114; 29.7255; 37.7157; 36.9281; 35.2510; 354.025; 331.865; 312.364; 5.0402; 2.6254; 1.4916; 1687.39; 873.41; 514.06;
21; 42.6450; 40.5611; 37.9542; 310.724; 293.584; 273.919; 5.8475; 3.4536; 2.3056; 1727.17; 1013.10; 691.77;
3; 1758.04; 926.66; 535.33;
31; 1566.03; 912.05; 613.40;
5; 46.00;
0; 09; 17:30:00; 19.06.2008; 3GC9,5;
1; 576.02; 243.21; 191.75; 25.4720; 25.1545; 24.8757;
2; 522.43; 214.90; 169.16; 30.1627; 29.2439; 28.0559; 35.3305; 33.9348; 32.3889; 350.526; 331.828; 312.364; 4.2599; 1.6702; 1.1855; 1421.40; 553.97; 412.90;
21; 38.0337; 36.1563; 34.1777; 325.539; 307.374; 283.588; 5.0436; 2.3153; 1.7640; 1540.42; 710.45; 570.55;
3; 1523.83; 579.16; 421.39;
31; 1397.24; 631.95; 497.35;
5; 47.00;
0; 09; 17:40:00; 19.06.2008; 3GC9,5;
1; 605.78; 270.15; 203.25; 25.2334; 25.0399; 24.7962;
2; 508.35; 233.46; 182.04; 30.4808; 29.3832; 28.0956; 32.5081; 32.1434; 31.6733; 396.162; 331.858; 231.746; 4.1287; 1.8301; 0.0250; 1376.31; 606.83; 8.45;
21; 35.0125; 34.2616; 33.6212; 407.570; 312.336; 237.894; 4.7779; 2.4065; 0.0183; 1464.17; 751.10; 7.45;
3; 1477.42; 637.18; -6.92;
31; 1304.40; 669.35; -29.08;
5; 46.00;
0; 09; 17:50:00; 19.06.2008; 3GC9,5;
1; 652.46; 353.33; 192.43; 25.1937; 24.9765; 24.8359;
2; 541.34; 302.17; 174.39; 32.2696; 29.4602; 28.0956; 32.6671; 31.5225; 30.9578; 356.728; 338.060; 321.269; 4.4583; 2.3814; 1.1788; 1526.22; 805.07; 419.50;
21; 36.6424; 33.6913; 32.5479; 329.906; 312.450; 298.248; 5.0974; 2.9072; 1.6497; 1578.33; 906.64; 522.50;
3; 1571.31; 852.26; 430.89;
31; 1404.62; 812.30; 456.21;
5; 47.00;
0; 09; 18:00:00; 19.06.2008; 3GC9,5;
1; 640.29; 422.35; 262.79; 25.3130; 25.0979; 24.8757;
2; 528.06; 349.82; 226.70; 32.2696; 31.0312; 29.4870; 33.5417; 33.2136; 32.5479; 361.339; 338.838; 317.771; 4.1926; 2.7312; 1.6833; 1491.75; 924.97; 565.90;
21; 37.6362; 37.0136; 36.2051; 323.200; 304.879; 286.395; 4.9898; 3.4466; 2.3190; 1527.88; 1050.92; 731.01;
3; 1523.83; 985.68; 595.46;
31; 1379.30; 948.27; 652.43;
5; 47.00;
0; 09; 18:10:00; 19.06.2008; 3GC9,5;
1; 517.16; 401.58; 249.26; 25.4720; 25.2670; 25.0347;
2; 406.55; 323.71; 211.01; 32.2299; 31.1764; 30.2025; 33.9790; 33.4034; 32.7466; 357.205; 338.450; 316.657; 3.2676; 2.5272; 1.5757; 1099.91; 856.38; 538.20;
21; 37.7157; 36.6338; 35.9666; 324.915; 304.400; 286.551; 4.0850; 3.2495; 2.1979; 1238.99; 987.62; 705.69;
3; 1169.37; 911.32; 561.70;
31; 1089.19; 890.19; 627.11;
5; 47.00;
0; 09; 18:20:00; 19.06.2008; 3GC9,5;
1; 519.86; 503.41; 397.41; 25.9092; 25.5223; 25.1937;
2; 397.70; 387.28; 313.21; 33.8995; 32.7173; 31.5541; 35.2113; 34.4525; 33.8200; 407.134; 338.087; 236.835; 3.3651; 3.0366; 0.0250; 1249.55; 1025.82; 10.18;
21; 39.3058; 38.4434; 37.5169; 418.798; 304.859; 243.353; 4.1556; 3.6420; 0.0217; 1580.23; 1108.71; 8.79;
3; 1136.66; 1097.24; -5.87;
31; 1037.49; 1002.60; -28.02;
5; 46.00;
0; 09; 18:30:00; 19.06.2008; 3GC9,5;
1; 492.80; 330.04; 166.72; 25.8297; 25.4601; 24.9949;
2; 377.18; 260.05; 148.24; 32.8659; 30.9628; 28.0559; 35.3305; 34.6985; 33.1044; 353.707; 333.630; 314.272; 3.0658; 2.0249; 1.0476; 1040.36; 676.75; 362.87;
21; 39.1468; 37.6134; 34.7343; 323.980; 307.976; 290.450; 3.6746; 2.5306; 1.5050; 1127.46; 777.89; 470.70;
3; 1069.14; 714.02; 363.37;
31; 974.20; 694.71; 406.62;
5; 47.00;
0; 09; 18:40:00; 19.06.2008; 3GC9,5;
1; 199.19; 145.31; 124.78; 25.1539; 24.7936; 24.4384;
2; 166.75; 130.77; 113.64; 28.1751; 27.2285; 26.5850; 33.2634; 31.5072; 30.1230; 348.936; 329.495; 311.092; 1.3066; 1.0045; 0.7953; 432.64; 331.06; 273.46;
21; 34.7740; 32.6539; 31.1566; 327.723; 312.557; 297.624; 1.6766; 1.2798; 1.0106; 525.14; 399.99; 326.93;
3; 443.55; 331.16; 262.09;
31; 457.26; 339.88; 268.42;
5; 46.00;
0; 09; 18:50:00; 19.06.2008; 3GC9,5;
1; 189.05; 132.52; 105.16; 24.7167; 24.5414; 24.3191;
2; 150.66; 118.77; 97.95; 27.2608; 26.9145; 26.5850; 30.2422; 29.5197; 28.9304; 390.915; 327.551; 180.863; 1.1956; 0.9143; 0.0217; 411.48; 299.14; 3.92;
21; 31.2361; 30.5820; 29.9242; 401.332; 308.716; 214.502; 1.6362; 1.1600; 0.0217; 515.98; 357.56; 4.65;
3; 402.40; 295.45; -6.92;
31; 406.62; 299.95; -30.13;
5; 46.00;
0; 09; 19:00:00; 19.06.2008; 3GC9,5;
1; 134.25; 99.45; 84.19; 24.7167; 24.4875; 24.1601;
2; 115.25; 90.93; 78.63; 27.1018; 26.3349; 25.7502; 29.1292; 28.4590; 27.7776; 349.572; 328.063; 307.435; 0.9130; 0.6826; 0.5195; 304.59; 223.72; 178.54;
21; 30.1230; 29.2132; 28.6522; 323.668; 306.072; 287.799; 1.1048; 0.8593; 0.6776; 334.83; 262.81; 218.57;
3; 287.41; 210.37; 151.32;
31; 278.97; 209.79; 162.93;
5; 47.00;
0; 09; 19:10:00; 19.06.2008; 3GC9,5;
1; 132.22; 124.83; 118.69; 24.3987; 24.2296; 23.9614;
2; 114.04; 106.98; 101.57; 26.3863; 26.0637; 25.7105; 27.9764; 27.6770; 27.2608; 349.254; 329.500; 309.820; 0.8996; 0.8198; 0.6978; 298.85; 270.05; 241.81;
21; 28.8907; 28.6212; 28.2546; 320.861; 302.807; 286.239; 1.1485; 1.0381; 0.9366; 351.31; 314.37; 294.59;
3; 284.25; 262.60; 226.23;
31; 281.08; 259.19; 228.34;
5; 47.00;
0; 09; 19:20:00; 19.06.2008; 3GC9,5;
1; 153.87; 132.79; 107.19; 24.4384; 24.2259; 24.0011;
2; 129.73; 113.87; 84.27; 26.9826; 26.3466; 25.7105; 27.5391; 27.3683; 27.1018; 349.095; 330.933; 312.205; 1.0072; 0.8711; 0.6204; 337.92; 288.17; 206.61;
21; 28.5726; 28.3537; 28.0559; 392.287; 304.848; 231.345; 1.3570; 1.1333; 0.0217; 412.14; 345.24; 7.34;
3; 330.67; 282.91; 190.36;
31; 340.16; 288.46; -29.08;
5; 46.00;
0; 09; 19:30:00; 19.06.2008; 3GC9,5;
1; 107.86; 92.44; 83.51; 24.3987; 24.1404; 23.8819;
2; 85.07; 72.96; 66.56; 26.3863; 25.6111; 24.9154; 27.4993; 27.0438; 26.4260; 382.169; 327.061; 184.998; 0.6675; 0.5366; 0.0250; 214.73; 175.36; 8.98;
21; 28.3341; 27.6872; 26.9826; 325.227; 307.464; 291.230; 0.8289; 0.6982; 0.5901; 257.05; 214.71; 188.30;
3; 190.36; 155.89; -6.92;
31; 205.13; 164.05; 132.33;
5; 47.00;
0; 09; 19:40:00; 19.06.2008; 3GC9,5;
1; 149.13; 118.34; 96.36; 24.1204; 23.9297; 23.7626;
2; 104.39; 91.76; 73.81; 25.7502; 25.3809; 24.9552; 26.7043; 26.4747; 26.2670; 348.141; 328.364; 308.707; 0.8188; 0.6984; 0.5531; 270.87; 229.35; 180.60;
21; 27.2608; 27.0931; 26.8633; 323.044; 306.221; 290.762; 1.0408; 0.8864; 0.6742; 322.11; 271.44; 212.30;
3; 256.82; 216.42; 161.87;
31; 254.71; 218.03; 155.54;
5; 47.00;
0; 09; 19:50:00; 19.06.2008; 3GC9,5;
1; 105.16; 91.05; 65.92; 24.0409; 23.8089; 23.5639;
2; 83.46; 74.05; 56.10; 25.4322; 24.9247; 24.2396; 26.4658; 26.0915; 25.5912; 345.279; 327.143; 308.707; 0.6372; 0.5510; 0.3647; 210.72; 180.22; 125.42;
21; 27.0223; 26.6203; 25.9887; 323.980; 306.631; 289.982; 0.8323; 0.7277; 0.5128; 252.04; 223.05; 164.60;
3; 189.30; 160.98; 99.63;
31; 199.85; 171.68; 105.96;
5; 47.00;
0; 09; 20:00:00; 19.06.2008; 3GC9,5;
1; 70.65; 59.16; 44.27; 23.7626; 23.5388; 23.2458;
2; 58.12; 48.33; 38.80; 24.5577; 24.0135; 23.4048; 25.7900; 25.2432; 24.6372; 345.120; 330.137; 311.728; 0.4287; 0.3272; 0.2571; 141.60; 108.01; 84.85;
21; 26.2273; 25.4470; 24.5974; 380.434; 299.899; 174.578; 0.6372; 0.4938; 0.0217; 187.26; 148.11; 3.78;
3; 110.18; 78.89; 52.16;
31; 189.30; 100.09; -31.19;
5; 47.00;
0; 09; 20:10:00; 19.06.2008; 3GC9,5;
1; 50.36; 38.83; 16.53; 23.5241; 23.3044; 23.0868;
2; 40.81; 34.75; 29.55; 23.7229; 23.3883; 23.1266; 24.7962; 24.2839; 23.7626; 367.222; 338.131; 214.414; 0.3143; 0.1457; 0.0149; 89.93; 46.01; 5.43;
21; 24.7564; 24.1293; 23.6831; 297.156; 296.690; 296.376; 0.4186; 0.3494; 0.3008; 124.25; 103.65; 89.26;
3; 60.60; 22.82; -6.92;
31; 78.53; 58.00; 44.77;
5; 46.00;
0; 09; 20:20:00; 19.06.2008; 3GC9,5;
1; 50.36; 43.17; 31.42; 23.3651; 23.1242; 22.9278;
2; 41.22; 35.44; 26.33; 23.4843; 23.2940; 23.0471; 24.0409; 23.7585; 23.4446; 364.678; 296.486; 285.651; 0.3177; 0.2503; 0.0183; 90.89; 71.80; 6.59;
21; 24.0011; 23.6470; 23.3253; 361.408; 301.908; 296.376; 0.3748; 0.3114; 0.0116; 111.21; 92.47; 4.15;
3; 62.71; 44.56; -1.65;
31; 64.82; 49.54; -6.92;
5; 47.00;
0; 09; 20:30:00; 19.06.2008; 3GC9,5;
1; 36.15; 27.45; 23.30; 23.2061; 22.9975; 22.8086;
2; 27.54; 20.18; 17.48; 23.2856; 23.0228; 22.8086; 23.6434; 23.3815; 23.1266; 360.385; 337.248; 171.482; 0.1764; 0.0510; 0.0149; 48.52; 16.05; 4.87;
21; 23.5639; 23.2640; 23.0073; 358.289; 336.366; 161.010; 0.2235; 0.0456; 0.0082; 58.50; 14.25; 2.82;
3; 113.34; -0.04; -7.98;
31; 71.15; -5.36; -34.35;
5; 47.00;
0; 09; 20:40:00; 19.06.2008; 3GC9,5;
1; 31.42; 25.51; 16.53; 23.0471; 22.8484; 22.6495;
2; 22.31; 19.22; 13.45; 23.0868; 22.7378; 22.3315; 23.3253; 23.0908; 22.8086; 353.866; 338.403; 162.736; 0.1797; 0.0492; 0.0149; 48.61; 15.76; 5.13;
21; 23.2061; 22.8609; 22.4508; 345.969; 323.063; 167.560; 0.2167; 0.0632; 0.0082; 56.80; 18.88; 2.83;
3; 59.54; -0.26; -6.92;
31; 120.73; -5.39; -33.30;
5; 47.00;
0; 09; 20:50:00; 19.06.2008; 3GC9,5;
1; 19.24; 10.56; 4.36; 22.8881; 22.5767; 22.2918;
2; 14.66; 8.57; 3.40; 22.5303; 22.0749; 21.6160; 23.0471; 22.6048; 22.2123; 339.237; 302.289; 201.694; 0.1057; 0.0259; 0.0149; 25.12; 7.66; 4.24;
21; 22.6893; 22.1590; 21.6557; 332.401; 310.769; 206.080; 0.1125; 0.0203; 0.0082; 27.03; 6.11; 2.70;
3; 3.63; -0.34; -3.76;
31; -3.76; -5.63; -9.03;
5; 46.00;
0; 09; 21:00:00; 19.06.2008; 3GC9,5;
1; 7.74; 4.27; 0.97; 22.5700; 22.3928; 22.1328;
2; 5.41; 2.68; -0.23; 21.8545; 21.6430; 21.3377; 22.4508; 22.0356; 21.6160; 243.036; 212.977; 134.115; 0.0385; 0.0217; 0.0015; 8.59; 4.49; 0.33;
21; 21.8147; 21.4543; 21.0992; 291.230; 265.246; 195.164; 0.0519; 0.0202; 0.0116; 11.31; 5.32; 2.89;
3; 3.63; 0.06; -4.81;
31; -1.65; -5.26; -7.98;
5; 31.00;
0; 09; 21:10:00; 19.06.2008; 3GC9,5;
1; 5.03; 1.62; -2.41; 22.4110; 22.2494; 22.0533;
2; 2.59; 0.64; -1.43; 21.6955; 21.3436; 20.9799; 21.8943; 21.5924; 21.2582; 222.047; 188.602; 142.860; 0.0183; 0.0088; 0.0015; 3.31; 1.66; 0.21;
21; 21.3775; 20.9640; 20.5029; 231.656; 209.369; 134.811; 0.0317; 0.0133; -0.0053; 6.53; 2.60; -1.19;
3; 2.57; -0.35; -2.70;
31; -2.70; -5.51; -7.98;
5; 47.00;
0; 09; 21:20:00; 19.06.2008; 3GC9,5;
1; 2.33; -0.91; -5.12; 22.3315; 22.1548; 22.0135;
2; 1.38; -0.66; -2.64; 21.1787; 20.6967; 20.2247; 21.4172; 20.9900; 20.5427; 142.701; 97.435; 50.317; 0.0149; 0.0085; 0.0015; 2.09; 0.83; 0.15;
21; 20.7017; 20.1659; 19.6284; 222.143; 186.927; 133.095; 0.0082; 0.0001; -0.0120; 1.82; 0.03; -2.32;
3; 2.57; -0.20; -3.76;
31; -2.70; -5.28; -7.98;
5; 46.00;
0; 09; 21:30:00; 19.06.2008; 3GC9,5;
1; 1.65; -1.64; -4.44; 22.2123; 22.0394; 21.8147;
2; 0.18; -1.25; -3.04; 20.4234; 20.0261; 19.6284; 20.7414; 20.3057; 19.8669; 50.476; 23.936; 8.020; 0.0149; 0.0085; 0.0015; 0.69; 0.20; 0.03;
21; 19.7874; 19.2855; 18.7936; 132.783; 78.507; 35.002; 0.0082; -0.0004; -0.0086; 0.63; -0.03; -0.69;
3; 3.63; -0.22; -2.70;
31; -2.70; -5.46; -7.98;
5; 47.00;
0; 09; 21:40:00; 19.06.2008; 3GC9,5;
1; 3.00; -1.66; -4.44; 22.0533; 21.8137; 21.5365;
2; 0.18; -1.37; -3.04; 19.7874; 19.4932; 19.2706; 20.1054; 19.6678; 19.2308; 8.179; 4.516; 1.978; 0.0149; 0.0085; 0.0015; 0.11; 0.04; 0.00;
21; 18.9923; 18.5908; 18.1973; 35.157; 19.208; 8.334; 0.0082; -0.0001; -0.0086; 0.18; 0.00; -0.27;
3; 3.63; -0.30; -3.76;
31; -2.70; -5.46; -10.09;
5; 46.00;
0; 09; 21:50:00; 19.06.2008; 3GC9,5;
1; 2.33; -1.66; -4.44; 21.7750; 21.5491; 21.2980;
2; 0.18; -1.34; -3.44; 19.4694; 19.0854; 18.7141; 19.4694; 19.1268; 18.7538; 2.296; 1.263; 0.388; 0.0183; 0.0086; -0.0019; 0.02; 0.01; 0.00;
21; 18.4358; 18.0668; 17.7203; 8.646; 4.725; 2.096; 0.0048; 0.0000; -0.0086; 0.04; 0.00; -0.07;
3; 2.57; -0.31; -3.76;
31; -0.59; -5.52; -9.03;
5; 47.00;
0; 09; 22:00:00; 19.06.2008; 3GC9,5;
1; 0.97; -1.40; -3.76; 21.6160; 21.4228; 21.2185;
2; 0.18; -1.32; -3.04; 19.2706; 18.9419; 18.7538; 19.0321; 18.7553; 18.4358; 0.865; 0.581; 0.229; 0.0149; 0.0086; 0.0015; 0.01; 0.01; 0.00;
21; 18.0383; 17.8266; 17.6408; 2.564; 1.648; 0.848; 0.0082; 0.0000; -0.0086; 0.01; 0.00; -0.02;
3; 3.63; -0.35; -3.76;
31; -2.70; -5.48; -7.98;
5; 46.00;
0; 09; 22:10:00; 19.06.2008; 3GC9,5;
1; 3.68; -0.19; -3.09; 21.4570; 21.2299; 21.0595;
2; 0.18; -1.31; -3.04; 19.6284; 19.3635; 18.9923; 18.9128; 18.7478; 18.5948; 0.706; 0.441; 0.070; 0.0149; 0.0086; -0.0019; 0.01; 0.00; 0.00;
21; 18.2370; 18.0603; 17.8395; 1.628; 1.023; 0.536; 0.0082; 0.0001; -0.0086; 0.01; 0.00; -0.01;
3; 2.57; -0.33; -3.76;
31; -2.70; -5.49; -7.98;
5; 47.00;
0; 09; 22:20:00; 19.06.2008; 3GC9,5;
1; 2.33; -0.77; -3.76; 21.3377; 20.9907; 20.6619;
2; 0.58; -1.26; -3.44; 19.6284; 19.2674; 18.9128; 18.9128; 18.7429; 18.5551; 0.706; 0.388; -0.089; 0.0183; 0.0086; 0.0015; 0.01; 0.00; 0.00;
21; 18.1973; 17.9965; 17.7600; 1.160; 0.737; 0.224; 0.0082; 0.0002; -0.0053; 0.01; 0.00; 0.00;
3; 2.57; -0.35; -3.76;
31; -2.70; -5.45; -7.98;
5; 47.00;
0; 09; 22:30:00; 19.06.2008; 3GC9,5;
1; 1.65; -1.27; -4.44; 20.9402; 20.5544; 20.2247;
2; 0.58; -1.23; -3.44; 19.0718; 18.8242; 18.5551; 18.7538; 18.4897; 18.1575; 0.706; 0.378; -0.089; 0.0183; 0.0087; 0.0015; 0.01; 0.00; 0.00;
21; 17.9588; 17.6730; 17.4420; 1.004; 0.616; 0.224; 0.0082; 0.0000; -0.0086; 0.01; 0.00; -0.01;
3; 3.63; -0.41; -3.76;
31; -2.70; -5.47; -7.98;
5; 46.00;
0; 09; 22:40:00; 19.06.2008; 3GC9,5;
1; 0.97; -1.41; -3.76; 20.4234; 20.1036; 19.7476;
2; 0.98; -1.20; -3.04; 18.7936; 18.4750; 18.1575; 18.4358; 18.1991; 17.9190; 0.706; 0.375; -0.089; 0.0183; 0.0087; 0.0015; 0.01; 0.00; 0.00;
21; 17.6408; 17.3974; 17.1240; 1.004; 0.564; 0.224; 0.0082; 0.0000; -0.0086; 0.01; 0.00; -0.01;
3; 2.57; -0.33; -3.76;
31; -1.65; -5.47; -7.98;
5; 47.00;
0; 09; 22:50:00; 19.06.2008; 3GC9,5;
1; 0.97; -1.53; -5.12; 19.9066; 19.6477; 19.4296;
2; 0.98; -1.17; -2.64; 18.3960; 18.1042; 17.8395; 18.1575; 17.8840; 17.6408; 0.706; 0.376; -0.089; 0.0183; 0.0087; 0.0015; 0.01; 0.00; 0.00;
21; 17.3227; 17.1249; 16.9252; 0.848; 0.548; 0.224; 0.0082; 0.0001; -0.0086; 0.00; 0.00; 0.00;
3; 3.63; -0.22; -2.70;
31; -2.70; -5.36; -7.98;
5; 47.00;
0; 09; 23:00:00; 19.06.2008; 3GC9,5;
1; 2.33; -0.67; -4.44; 19.7079; 19.4611; 19.2706;
2; 0.18; -1.13; -2.64; 18.3563; 18.1781; 17.9985; 17.9190; 17.7751; 17.5215; 0.706; 0.380; 0.070; 0.0149; 0.0086; 0.0015; 0.01; 0.00; 0.00;
21; 17.4420; 17.1922; 16.9650; 1.004; 0.548; 0.224; 0.0082; 0.0001; -0.0086; 0.00; 0.00; 0.00;
3; 2.57; -0.15; -3.76;
31; -1.65; -5.43; -7.98;
5; 46.00;
