0; 09; 03:50:00; 21.04.2008; 3GC9,5;
1; -1.06; -2.23; -3.09; 11.5189; 11.4119; -62.5000;
2; -0.23; -0.49; -328.95; 10.0878; 9.9363; -62.5000; 9.5313; 9.4313; -62.5000; 0.547; 0.333; -130.000; 0.0082; 0.0050; -2.7500; 357.50; 0.21; -1.50;
21; 9.0940; 9.0410; 8.9747; 1.004; 0.883; -127.500; 0.0015; -0.0006; -2.7500; 350.62; 0.04; -2.76;
3; -0.59; -1.39; -862.50;
31; -4.81; -5.59; -862.50;
5; 47.00;
0; 09; 04:00:00; 21.04.2008; 3GC9,5;
1; -1.73; -2.27; -3.09; 11.2804; 11.1194; 11.0021;
2; -0.23; -0.40; -0.63; 9.8095; 9.6721; 9.5313; 9.4518; 9.3167; 9.1735; 0.547; 0.392; 0.229; 0.0082; 0.0072; 0.0048; 0.00; 0.00; 0.00;
21; 9.0145; 8.8397; 8.6170; 0.848; 0.815; 0.692; 0.0015; 0.0002; -0.0019; 0.00; 0.00; 0.00;
3; -0.59; -0.70; -1.65;
31; -4.81; -5.29; -5.87;
5; 31.00;
0; 09; 04:10:00; 21.04.2008; 3GC9,5;
1; -1.73; -2.27; -3.09; 11.0816; 11.0152; 10.9624;
2; -0.23; -0.39; -0.63; 9.6903; 9.5935; 9.5313; 9.2133; 9.1477; 9.0542; 0.547; 0.392; 0.229; 0.0082; 0.0071; 0.0048; 0.00; 0.00; 0.00;
21; 8.6567; 8.5773; 8.4977; 0.848; 0.829; 0.692; 0.0015; 0.0001; -0.0019; 0.00; 0.00; 0.00;
3; -0.59; -0.72; -1.65;
31; -4.81; -5.26; -5.87;
5; 47.00;
0; 09; 04:20:00; 21.04.2008; 3GC9,5;
1; -1.73; -2.27; -3.09; 11.0816; 11.0135; 10.9624;
2; -0.23; -0.39; -0.63; 9.6903; 9.6233; 9.5313; 9.1337; 9.0733; 9.0145; 0.547; 0.388; 0.229; 0.0082; 0.0072; 0.0048; 0.00; 0.00; 0.00;
21; 8.5772; 8.4951; 8.4580; 0.848; 0.742; 0.536; 0.0015; 0.0001; -0.0019; 0.00; 0.00; 0.00;
3; -0.59; -0.72; -1.65;
31; -4.81; -5.29; -5.87;
5; 47.00;
0; 09; 04:30:00; 21.04.2008; 3GC9,5;
1; -1.73; -2.27; -3.09; 11.0419; 10.9216; 10.8033;
2; -0.23; -0.36; -0.63; 9.6505; 9.4744; 9.2928; 9.0542; 8.9896; 8.8952; 0.547; 0.387; 0.229; 0.0082; 0.0072; 0.0048; 0.00; 0.00; 0.00;
21; 8.5375; 8.4577; 8.3387; 0.848; 0.744; 0.536; 0.0015; 0.0002; -0.0019; 0.00; 0.00; 0.00;
3; -0.59; -0.70; -1.65;
31; -4.81; -5.35; -5.87;
5; 47.00;
0; 09; 04:40:00; 21.04.2008; 3GC9,5;
1; -1.73; -2.27; -3.09; 10.8431; 10.7722; 10.7238;
2; -0.23; -0.36; -0.63; 9.4120; 9.3476; 9.2928; 8.9350; 8.8488; 8.7760; 0.388; 0.373; 0.229; 0.0082; 0.0072; 0.0048; 0.00; 0.00; 0.00;
21; 8.3785; 8.3024; 8.2194; 0.848; 0.634; 0.536; 0.0015; 0.0002; -0.0019; 0.00; 0.00; 0.00;
3; -0.59; -0.72; -1.65;
31; -4.81; -5.30; -5.87;
5; 46.00;
0; 09; 04:50:00; 21.04.2008; 3GC9,5;
1; -1.73; -2.29; -2.41; 10.8431; 10.8095; 10.7636;
2; -0.23; -0.34; -0.63; 9.3723; 9.2341; 9.1337; 8.8157; 8.7478; 8.6567; 0.388; 0.355; 0.229; 0.0082; 0.0072; 0.0048; 0.00; 0.00; 0.00;
21; 8.2592; 8.1935; 8.1399; 0.692; 0.551; 0.536; 0.0015; 0.0002; -0.0019; 0.00; 0.00; 0.00;
3; -0.59; -0.69; -1.65;
31; -4.81; -5.30; -5.87;
5; 31.00;
0; 09; 05:00:00; 21.04.2008; 3GC9,5;
1; -1.73; -2.28; -3.09; 10.7636; 10.6794; 10.6443;
2; -0.23; -0.34; -0.63; 9.2928; 9.1563; 9.0542; 8.6965; 8.6576; 8.6170; 0.388; 0.294; 0.229; 0.0082; 0.0071; 0.0048; 0.00; 0.00; 0.00;
21; 8.2194; 8.1694; 8.1002; 0.692; 0.517; 0.380; 0.0015; 0.0001; -0.0019; 0.00; 0.00; 0.00;
3; 0.46; -0.71; -1.65;
31; -4.81; -5.32; -5.87;
5; 47.00;
0; 09; 05:10:00; 21.04.2008; 3GC9,5;
1; -1.73; -2.29; -3.09; 10.7238; 10.6178; 10.4456;
2; -0.23; -0.32; -0.63; 9.2928; 9.1799; 9.0145; 8.7362; 8.6748; 8.5772; 0.388; 0.281; 0.229; 0.0082; 0.0072; 0.0048; 0.00; 0.00; 0.00;
21; 8.2194; 8.1673; 8.0604; 0.536; 0.481; 0.380; 0.0015; 0.0001; -0.0019; 0.00; 0.00; 0.00;
3; -0.59; -0.81; -1.65;
31; -4.81; -5.39; -5.87;
5; 31.00;
0; 09; 05:20:00; 21.04.2008; 3GC9,5;
1; -1.73; -2.29; -3.09; 10.4456; 10.2959; 10.2071;
2; -0.23; -0.31; -0.63; 9.0542; 8.9090; 8.7760; 8.6170; 8.5104; 8.4182; 0.388; 0.262; 0.229; 0.0082; 0.0071; 0.0048; 0.00; 0.00; 0.00;
21; 8.1002; 7.9901; 7.9014; 0.536; 0.458; 0.380; 0.0015; 0.0001; -0.0019; 0.00; 0.00; 0.00;
3; -0.59; -0.80; -1.65;
31; -4.81; -5.42; -5.87;
5; 31.00;
0; 09; 05:30:00; 21.04.2008; 3GC9,5;
1; -1.73; -2.31; -3.09; 10.2866; 10.2154; 10.1673;
2; 0.18; -0.30; -0.63; 8.9350; 8.8595; 8.7760; 8.4580; 8.4051; 8.3387; 0.388; 0.272; 0.229; 0.0082; 0.0071; 0.0048; 0.00; 0.00; 0.00;
21; 7.9809; 7.9105; 7.8617; 0.692; 0.517; 0.380; 0.0015; 0.0001; -0.0019; 0.00; 0.00; 0.00;
3; -0.59; -0.87; -1.65;
31; -4.81; -5.62; -5.87;
5; 47.00;
0; 09; 05:40:00; 21.04.2008; 3GC9,5;
1; -1.73; -2.28; -3.09; 10.3263; 10.2171; 10.0480;
2; 0.18; -0.27; -0.63; 8.9747; 8.8450; 8.6965; 8.4182; 8.3639; 8.2989; 0.547; 0.348; 0.229; 0.0082; 0.0071; 0.0048; 0.00; 0.00; 0.00;
21; 7.9809; 7.9222; 7.8617; 1.004; 0.692; 0.536; 0.0015; 0.0004; -0.0019; 0.00; 0.00; 0.00;
3; -0.59; -0.86; -1.65;
31; -4.81; -5.68; -6.92;
5; 47.00;
0; 09; 05:50:00; 21.04.2008; 3GC9,5;
1; -1.73; -2.30; -3.09; 10.0878; 10.0284; 9.9685;
2; 0.18; -0.26; -0.63; 8.8555; 8.7886; 8.6965; 8.3387; 8.3083; 8.2592; 1.183; 0.650; 0.388; 0.0082; 0.0072; 0.0048; 0.01; 0.00; 0.00;
21; 8.0207; 7.9471; 7.8617; 3.343; 1.687; 0.848; 0.0015; 0.0003; -0.0019; 0.00; 0.00; -0.01;
3; -0.59; -0.83; -1.65;
31; -4.81; -5.66; -6.92;
5; 47.00;
0; 09; 06:00:00; 21.04.2008; 3GC9,5;
1; -1.73; -2.31; -3.09; 10.0878; 10.0609; 10.0083;
2; 0.18; -0.24; -0.63; 8.8555; 8.8206; 8.7362; 8.3387; 8.3164; 8.2592; 6.430; 2.957; 1.183; 0.0082; 0.0072; 0.0048; 0.05; 0.02; 0.01;
21; 8.0207; 7.9727; 7.9014; 19.874; 8.885; 3.343; 0.0015; 0.0004; -0.0019; 0.03; 0.00; -0.04;
3; -0.59; -0.88; -1.65;
31; -4.81; -5.65; -6.92;
5; 47.00;
0; 09; 06:10:00; 21.04.2008; 3GC9,5;
1; -1.73; -2.30; -3.09; 10.0480; 10.0041; 9.9685;
2; 0.18; -0.16; -0.63; 8.8157; 8.7365; 8.6567; 8.2989; 8.2461; 8.1797; 44.274; 18.444; 6.430; 0.0082; 0.0073; 0.0048; 0.36; 0.14; 0.03;
21; 7.9412; 7.8422; 7.7424; 109.079; 51.252; 19.874; 0.0015; 0.0006; -0.0019; 0.16; 0.04; -0.21;
3; -0.59; -1.05; -1.65;
31; -4.81; -5.70; -6.92;
5; 47.00;
0; 09; 06:20:00; 21.04.2008; 3GC9,5;
1; -0.38; -1.49; -2.41; 10.0480; 9.9916; 9.9288;
2; 1.38; 0.51; -0.23; 8.8157; 8.7314; 8.6567; 8.2194; 8.1911; 8.1399; 149.698; 97.154; 44.433; 0.0082; 0.0076; 0.0048; 1.23; 0.74; 0.22;
21; 7.9412; 7.8414; 7.7822; 220.116; 176.380; 109.390; 0.0048; 0.0015; -0.0019; 1.06; 0.29; -0.40;
3; -0.59; -1.00; -1.65;
31; -4.81; -5.68; -6.92;
5; 46.00;
0; 09; 06:30:00; 21.04.2008; 3GC9,5;
1; 3.68; 0.72; -1.06; 10.0878; 10.0394; 10.0083;
2; 4.60; 2.34; 0.98; 8.8555; 8.7786; 8.6965; 8.2592; 8.2295; 8.1797; 226.340; 194.070; 133.797; 0.0351; 0.0117; 0.0048; 5.73; 2.26; 0.73;
21; 7.9412; 7.9098; 7.8617; 289.358; 223.598; 134.187; 0.0351; 0.0176; 0.0048; 6.64; 3.89; 1.06;
3; -0.59; -0.68; -1.65;
31; -4.81; -5.25; -5.87;
5; 47.00;
0; 09; 06:40:00; 21.04.2008; 3GC9,5;
1; 13.15; 7.49; 3.00; 10.0480; 10.0082; 9.9685;
2; 11.04; 7.37; 4.20; 8.8952; 8.7782; 8.6965; 8.3785; 8.2863; 8.2194; 342.894; 291.172; 133.956; 0.0755; 0.0241; 0.0183; 18.25; 6.89; 4.70;
21; 8.1002; 7.9851; 7.8617; 343.006; 315.760; 202.493; 0.1158; 0.0214; 0.0149; 28.46; 6.53; 4.81;
3; 0.46; -0.65; -1.65;
31; -4.81; -5.27; -5.87;
5; 47.00;
0; 09; 06:50:00; 21.04.2008; 3GC9,5;
1; 26.68; 19.04; 12.47; 10.1673; 10.0552; 9.9685;
2; 21.10; 15.66; 10.64; 9.1735; 8.9725; 8.8555; 8.6170; 8.4720; 8.3387; 374.378; 347.460; 168.302; 0.1663; 0.0374; 0.0183; 43.96; 11.98; 4.21;
21; 8.3387; 8.1849; 8.0604; 368.894; 333.016; 184.403; 0.2100; 0.0731; 0.0149; 61.13; 23.02; 5.12;
3; 140.77; -0.41; -10.09;
31; 123.89; -5.12; -5.87;
5; 47.00;
0; 09; 07:00:00; 21.04.2008; 3GC9,5;
1; 44.27; 34.07; 26.00; 10.2468; 10.1736; 10.0878;
2; 35.58; 27.16; 21.10; 9.4518; 9.2684; 9.0940; 8.9747; 8.7702; 8.6170; 388.371; 375.180; 177.683; 0.2167; 0.0484; 0.0183; 71.78; 17.54; 6.20;
21; 8.7362; 8.4915; 8.2989; 390.883; 368.353; 174.110; 0.3849; 0.0697; 0.0149; 119.67; 24.48; 3.77;
3; 45.83; -0.20; -10.09;
31; 184.03; -4.25; -19.58;
5; 47.00;
0; 09; 07:10:00; 21.04.2008; 3GC9,5;
1; 81.48; 59.35; 44.27; 10.4058; 10.2569; 10.2071;
2; 54.49; 44.29; 35.18; 10.0480; 9.6773; 9.4120; 9.4120; 9.1495; 8.9350; 390.279; 307.836; 175.457; 0.4354; 0.3386; 0.0217; 140.37; 104.16; 8.37;
21; 9.2928; 8.9615; 8.6965; 403.047; 375.134; 177.541; 0.6103; 0.1697; 0.0116; 190.97; 59.38; 3.25;
3; 122.84; 86.75; -10.09;
31; 205.13; 14.05; -19.58;
5; 46.00;
0; 09; 07:20:00; 21.04.2008; 3GC9,5;
1; 119.36; 101.25; 81.48; 10.9226; 10.6314; 10.3661;
2; 71.39; 63.71; 54.09; 11.2406; 10.5609; 10.0083; 10.1673; 9.7514; 9.3723; 360.226; 337.581; 311.410; 0.5767; 0.4955; 0.4051; 200.46; 167.47; 136.03;
21; 10.1276; 9.6615; 9.2530; 334.117; 315.904; 297.780; 0.7583; 0.6435; 0.5228; 239.88; 203.32; 169.15;
3; 188.25; 157.62; 112.29;
31; 192.47; 164.84; 121.78;
5; 31.00;
0; 09; 07:30:00; 21.04.2008; 3GC9,5;
1; 143.72; 130.39; 118.69; 11.5586; 11.2185; 10.9226;
2; 80.24; 75.86; 70.99; 12.2742; 11.7504; 11.2009; 10.9226; 10.5121; 10.1276; 367.063; 348.862; 330.332; 0.6910; 0.6143; 0.5228; 241.34; 214.33; 189.59;
21; 10.8828; 10.4473; 10.0878; 331.621; 314.803; 297.624; 0.8928; 0.8017; 0.6978; 282.25; 252.30; 230.41;
3; 233.61; 210.42; 176.64;
31; 230.45; 211.86; 181.92;
5; 46.00;
0; 09; 07:40:00; 21.04.2008; 3GC9,5;
1; 143.72; 118.77; 98.39; 11.9959; 11.7691; 11.5189;
2; 79.84; 72.71; 68.17; 12.5922; 12.4581; 12.2344; 11.3996; 11.1744; 10.9226; 369.449; 350.187; 333.194; 0.6641; 0.5807; 0.4724; 232.05; 203.29; 173.42;
21; 11.2009; 11.0420; 10.8431; 334.428; 315.061; 298.404; 0.8558; 0.7729; 0.6675; 268.73; 243.49; 218.01;
3; 231.50; 197.93; 151.32;
31; 228.34; 203.42; 168.20;
5; 47.00;
0; 09; 07:50:00; 21.04.2008; 3GC9,5;
1; 166.72; 134.61; 99.75; 12.3537; 12.0961; 11.9562;
2; 107.20; 88.97; 72.60; 13.6655; 13.0415; 12.5524; 12.0357; 11.6446; 11.3599; 409.837; 353.602; 224.432; 0.8256; 0.6761; 0.0217; 295.16; 239.00; 6.37;
21; 11.8767; 11.4821; 11.1611; 415.679; 315.243; 176.294; 1.0980; 0.9140; 0.0183; 360.61; 287.86; 3.22;
3; 322.23; 238.29; -9.03;
31; 297.96; 245.89; -18.53;
5; 46.00;
0; 09; 08:00:00; 21.04.2008; 3GC9,5;
1; 197.16; 169.83; 133.57; 12.7910; 12.5854; 12.3139;
2; 120.48; 108.61; 91.91; 14.5401; 14.2438; 13.6258; 12.7512; 12.4594; 11.9959; 377.399; 356.837; 338.442; 0.9568; 0.8112; 0.5901; 343.85; 289.49; 220.55;
21; 12.6717; 12.3591; 11.8767; 339.575; 321.382; 303.082; 1.2359; 1.0754; 0.9097; 398.88; 345.60; 298.21;
3; 341.22; 295.15; 212.51;
31; 331.72; 300.68; 248.38;
5; 46.00;
0; 09; 08:10:00; 21.04.2008; 3GC9,5;
1; 192.43; 158.47; 120.72; 13.1090; 12.9080; 12.7512;
2; 122.09; 104.48; 83.87; 14.9773; 14.7257; 14.3413; 13.5065; 13.0868; 12.7512; 370.880; 350.427; 327.311; 0.9399; 0.7854; 0.6103; 327.26; 275.29; 213.93;
21; 14.1425; 13.3597; 12.5922; 342.538; 321.457; 302.926; 1.2057; 1.0490; 0.8558; 385.16; 337.18; 277.44;
3; 338.05; 279.47; 204.07;
31; 338.05; 292.62; 229.39;
5; 47.00;
0; 09; 08:20:00; 21.04.2008; 3GC9,5;
1; 268.88; 236.24; 135.60; 13.9040; 13.4139; 13.0692;
2; 191.29; 162.93; 94.33; 17.6408; 16.0696; 14.7786; 15.8519; 14.5723; 13.5065; 419.219; 352.082; 247.806; 1.5521; 1.2601; 0.0217; 616.60; 443.41; 9.06;
21; 17.0842; 15.4393; 14.1028; 428.623; 321.315; 250.059; 2.0903; 1.6101; 0.0183; 771.72; 517.06; 5.75;
3; 557.48; 468.31; -9.03;
31; 545.88; 463.32; -17.47;
5; 47.00;
0; 09; 08:30:00; 21.04.2008; 3GC9,5;
1; 306.76; 286.92; 268.20; 15.2556; 14.5160; 13.8643;
2; 231.53; 209.87; 191.29; 20.6619; 19.1288; 17.6408; 18.3960; 17.0497; 15.8121; 382.328; 361.481; 342.258; 1.7708; 1.5967; 1.3167; 637.59; 577.04; 501.51;
21; 20.1054; 18.5336; 17.0445; 344.877; 324.586; 306.513; 2.3089; 2.0268; 1.8111; 750.93; 657.95; 604.66;
3; 684.08; 616.89; 533.22;
31; 657.71; 595.93; 544.83;
5; 47.00;
0; 09; 08:40:00; 21.04.2008; 3GC9,5;
1; 339.91; 324.03; 306.76; 16.8855; 16.0458; 15.2159;
2; 266.53; 249.86; 231.13; 24.1204; 22.1359; 20.6222; 21.1787; 19.7175; 18.3960; 378.671; 356.396; 338.283; 2.1609; 1.9373; 1.5656; 766.06; 690.29; 591.35;
21; 23.5639; 21.7892; 20.1054; 343.630; 322.113; 304.174; 2.7025; 2.4120; 2.1038; 870.07; 776.66; 706.68;
3; 796.96; 742.65; 634.50;
31; 753.71; 706.84; 652.43;
5; 47.00;
0; 09; 08:50:00; 21.04.2008; 3GC9,5;
1; 375.09; 339.96; 307.44; 18.1178; 17.4257; 16.8457;
2; 310.79; 275.72; 248.43; 26.5453; 24.8074; 23.9614; 23.6831; 22.3397; 21.1787; 372.311; 352.794; 334.148; 2.5108; 2.1513; 1.7775; 886.88; 758.89; 655.56;
21; 26.5453; 24.8501; 23.5639; 340.511; 322.351; 304.018; 3.0893; 2.6490; 2.2820; 965.48; 853.62; 758.52;
3; 924.61; 817.96; 707.29;
31; 871.86; 778.80; 699.91;
5; 31.00;
0; 09; 09:00:00; 21.04.2008; 3GC9,5;
1; 391.33; 383.57; 374.41; 19.3899; 18.6045; 18.0780;
2; 336.14; 323.40; 310.39; 29.4472; 27.8069; 26.4658; 26.4260; 25.0118; 23.6831; 416.674; 347.167; 241.923; 2.7193; 2.5472; 0.0217; 1010.03; 883.53; 9.02;
21; 29.8050; 28.1686; 26.5055; 426.128; 312.752; 247.252; 3.5333; 3.1592; 0.0183; 1256.71; 986.31; 6.02;
3; 994.24; 955.06; -9.03;
31; 941.49; 902.92; -17.47;
5; 46.00;
0; 09; 09:10:00; 21.04.2008; 3GC9,5;
1; 417.71; 403.07; 383.88; 19.9861; 19.6748; 19.3501;
2; 368.73; 351.11; 333.73; 30.7590; 29.9900; 28.6522; 28.6124; 27.5084; 26.4260; 368.495; 349.830; 331.604; 2.9918; 2.7315; 2.4199; 1046.32; 955.50; 871.11;
21; 32.2696; 31.0288; 29.8050; 330.218; 314.798; 298.716; 3.7015; 3.3857; 3.0389; 1166.31; 1065.75; 999.22;
3; 1083.91; 1033.32; 950.99;
31; 1025.89; 973.62; 915.12;
5; 47.00;
0; 09; 09:20:00; 21.04.2008; 3GC9,5;
1; 454.24; 433.13; 416.36; 20.1451; 19.3908; 19.0718;
2; 409.37; 386.81; 367.12; 30.8783; 28.9657; 27.9366; 30.4013; 29.3720; 28.6124; 366.109; 348.903; 331.922; 3.3214; 3.0091; 2.6319; 1156.89; 1049.75; 960.59;
21; 34.3367; 33.1634; 32.2299; 330.374; 311.981; 296.532; 4.1287; 3.7552; 3.3214; 1279.22; 1171.40; 1093.16;
3; 1202.07; 1132.09; 1042.77;
31; 1128.22; 1071.77; 1000.57;
5; 31.00;
0; 09; 09:30:00; 21.04.2008; 3GC9,5;
1; 490.10; 465.14; 450.18; 21.5762; 20.7527; 20.1054;
2; 452.82; 425.02; 407.36; 34.0187; 32.5240; 30.5603; 32.6274; 31.5252; 30.4013; 412.222; 343.265; 239.697; 3.7150; 3.3287; 0.0250; 1266.75; 1141.50; 8.66;
21; 36.8014; 35.6592; 34.3367; 422.541; 304.982; 246.784; 4.8653; 4.1778; 0.0183; 1753.35; 1271.64; 6.18;
3; 1321.28; 1232.30; -7.98;
31; 1236.88; 1163.55; -16.42;
5; 47.00;
0; 09; 09:40:00; 21.04.2008; 3GC9,5;
1; 521.22; 505.70; 490.10; 23.1663; 22.2790; 21.5365;
2; 491.05; 471.32; 452.42; 36.8411; 34.8550; 33.4224; 34.9728; 33.6434; 32.5876; 358.795; 340.899; 322.382; 3.9773; 3.7087; 3.2911; 1363.08; 1264.19; 1174.53;
21; 39.4250; 37.8820; 36.7616; 318.833; 301.888; 286.551; 5.0032; 4.6430; 4.2262; 1505.46; 1401.43; 1341.53;
3; 1417.28; 1365.33; 1276.97;
31; 1324.45; 1281.30; 1218.95;
5; 47.00;
0; 09; 09:50:00; 21.04.2008; 3GC9,5;
1; 546.93; 534.00; 520.54; 23.8819; 23.4862; 23.1266;
2; 525.25; 508.09; 490.24; 37.9542; 37.0832; 36.5231; 36.9206; 35.9141; 34.9330; 356.410; 337.694; 319.520; 4.2868; 4.0013; 3.5535; 1441.44; 1350.99; 1264.60;
21; 41.6114; 40.4371; 39.3853; 317.118; 300.741; 285.304; 5.3564; 4.9752; 4.5357; 1610.66; 1496.13; 1398.54;
3; 1509.06; 1457.86; 1375.08;
31; 1398.29; 1366.03; 1295.96;
5; 31.00;
0; 09; 10:00:00; 21.04.2008; 3GC9,5;
1; 581.43; 564.70; 546.25; 24.1601; 23.9137; 23.7229;
2; 568.70; 547.72; 524.84; 39.1070; 38.1949; 37.1989; 38.6300; 37.6598; 36.9206; 351.958; 334.508; 316.021; 4.6366; 4.3301; 3.8831; 1555.21; 1448.39; 1348.11;
21; 43.2413; 42.1524; 41.4922; 420.826; 299.888; 249.435; 6.2915; 5.3249; 0.0183; 2328.83; 1594.59; 6.06;
3; 1607.18; 1557.93; 1477.42;
31; 1519.61; 1456.71; -15.36;
5; 47.00;
0; 09; 10:10:00; 21.04.2008; 3GC9,5;
1; 617.96; 597.09; 580.07; 24.5974; 24.4553; 24.1204;
2; 615.77; 589.82; 568.30; 39.9418; 39.2575; 38.4710; 39.9021; 39.3390; 38.5902; 408.565; 334.587; 240.333; 5.0032; 4.6030; 0.0250; 1814.32; 1538.67; 10.21;
21; 44.1556; 43.8150; 43.2015; 314.155; 296.805; 281.405; 6.2512; 5.7630; 5.1849; 1856.45; 1710.06; 1622.39;
3; 1732.72; 1649.85; -6.92;
31; 1621.95; 1557.56; 1490.08;
5; 47.00;
0; 09; 10:20:00; 21.04.2008; 3GC9,5;
1; 651.11; 635.92; 617.28; 24.5577; 24.4067; 24.2794;
2; 656.41; 637.33; 615.37; 39.8623; 38.9869; 38.1132; 40.6971; 40.2620; 39.8623; 351.799; 333.656; 315.385; 5.3564; 5.0022; 4.4886; 1794.30; 1668.94; 1561.95;
21; 44.3543; 43.7160; 43.4003; 311.971; 295.537; 279.222; 6.5943; 6.2285; 5.7096; 1960.55; 1840.71; 1724.86;
3; 1837.16; 1787.74; 1683.13;
31; 1710.56; 1670.26; 1598.74;
5; 31.00;
0; 09; 10:30:00; 21.04.2008; 3GC9,5;
1; 688.32; 667.40; 646.37; 24.6769; 24.5438; 24.3987;
2; 701.07; 675.86; 651.18; 39.8226; 39.1594; 38.3915; 41.0549; 40.8827; 40.6971; 351.163; 332.293; 316.498; 5.6692; 5.3130; 4.7308; 1901.44; 1765.25; 1654.50;
21; 44.3146; 43.9905; 43.6388; 313.063; 296.760; 281.873; 7.1089; 6.5298; 5.9989; 2096.98; 1937.57; 1851.83;
3; 1961.65; 1889.07; 1784.41;
31; 1821.33; 1756.96; 1682.08;
5; 47.00;
0; 09; 10:40:00; 21.04.2008; 3GC9,5;
1; 705.91; 687.28; 609.17; 24.8359; 24.7063; 24.5577;
2; 722.00; 701.38; 614.97; 40.9356; 39.6390; 38.6697; 41.8102; 41.4045; 40.9356; 409.519; 328.412; 246.693; 6.1402; 5.5383; 0.0250; 2300.11; 1817.35; 10.24;
21; 45.3084; 44.5370; 43.8773; 426.128; 293.331; 256.141; 7.7244; 6.8076; 0.0217; 2651.17; 1992.61; 7.63;
3; 2004.90; 1945.32; -6.92;
31; 1859.31; 1806.91; -24.86;
5; 47.00;
0; 09; 10:50:00; 21.04.2008; 3GC9,5;
1; 720.11; 704.64; 655.17; 24.7962; 24.6786; 24.5577;
2; 736.48; 720.00; 665.26; 40.4586; 39.5337; 38.7493; 42.1282; 41.9405; 41.7307; 345.756; 328.511; 312.205; 6.0157; 5.6979; 5.1849; 2003.26; 1871.77; 1729.44;
21; 45.0301; 44.8241; 44.5531; 306.201; 289.048; 273.919; 7.5092; 7.1213; 6.6043; 2193.92; 2058.27; 1927.01;
3; 2049.21; 2002.77; 1851.93;
31; 1901.51; 1865.88; 1747.49;
5; 46.00;
0; 09; 11:00:00; 21.04.2008; 3GC9,5;
1; 749.88; 707.57; 665.32; 24.8359; 24.7319; 24.6372;
2; 777.12; 729.29; 681.36; 40.1803; 39.5189; 38.7890; 42.2077; 42.0239; 41.8499; 344.643; 327.769; 312.364; 6.3420; 5.7781; 5.0873; 2093.02; 1893.87; 1689.62;
21; 45.1494; 44.8297; 44.4736; 307.449; 291.027; 274.855; 7.9061; 7.1686; 6.4429; 2291.39; 2086.17; 1893.08;
3; 2151.54; 2025.44; 1864.59;
31; 1986.96; 1890.61; 1782.30;
5; 31.00;
0; 09; 11:10:00; 21.04.2008; 3GC9,5;
1; 758.00; 745.95; 724.85; 25.1142; 24.8393; 24.6372;
2; 789.59; 776.06; 749.36; 42.6450; 40.6350; 38.9878; 43.4400; 42.5756; 42.0884; 409.201; 329.636; 244.944; 6.5270; 6.0577; 0.0250; 2443.42; 1995.51; 10.23;
21; 46.4612; 45.2243; 44.6724; 428.779; 291.596; 262.067; 8.3333; 7.5119; 0.0217; 2475.00; 2185.62; 7.33;
3; 2174.75; 2132.12; -6.92;
31; 2016.50; 1979.53; -23.80;
5; 47.00;
0; 09; 11:20:00; 21.04.2008; 3GC9,5;
1; 785.06; 723.79; 679.52; 25.5117; 25.2526; 25.0744;
2; 829.83; 758.58; 709.12; 42.5655; 41.6137; 40.8561; 43.9568; 43.6389; 43.4400; 345.756; 326.196; 308.071; 6.6144; 5.9693; 5.4977; 2176.55; 1947.31; 1824.41;
21; 47.5345; 46.7300; 46.2227; 302.302; 287.508; 272.204; 7.9094; 7.4773; 6.8533; 2299.07; 2149.88; 2038.44;
3; 2263.37; 2081.52; 1953.21;
31; 2077.69; 1947.08; 1847.71;
5; 47.00;
0; 09; 11:30:00; 21.04.2008; 3GC9,5;
1; 837.15; 781.11; 732.29; 25.5117; 25.3221; 25.1937;
2; 891.39; 828.35; 774.70; 42.7245; 41.7449; 40.7766; 44.5928; 44.2192; 43.9171; 345.597; 329.312; 315.385; 7.0517; 6.4201; 5.7163; 2341.29; 2114.24; 1969.44;
21; 48.1706; 47.8893; 47.5345; 304.174; 290.253; 277.038; 8.5452; 7.9403; 7.1795; 2477.65; 2304.58; 2145.05;
3; 2406.84; 2253.24; 2109.34;
31; 2202.18; 2084.33; 1966.92;
5; 31.00;
0; 09; 11:40:00; 21.04.2008; 3GC9,5;
1; 825.65; 742.38; 520.54; 25.3130; 25.1417; 24.9154;
2; 882.94; 794.44; 551.00; 42.6052; 40.6694; 38.6697; 44.6724; 44.1177; 43.0823; 343.848; 326.290; 303.937; 6.9878; 6.2391; 4.3271; 2305.89; 2036.42; 1390.37;
21; 47.8128; 46.8684; 45.4276; 302.770; 286.982; 271.580; 8.4813; 7.7880; 5.7702; 2461.06; 2235.87; 1616.55;
3; 2396.29; 2172.31; 1509.06;
31; 2193.74; 2023.22; 1468.98;
5; 47.00;
0; 09; 11:50:00; 21.04.2008; 3GC9,5;
1; 880.45; 774.66; 662.61; 25.4322; 25.1398; 24.9154;
2; 932.43; 821.74; 703.08; 43.7580; 40.6583; 38.8288; 44.2351; 43.2788; 42.9630; 411.109; 331.955; 249.078; 7.0349; 6.3109; 0.0250; 2567.14; 2093.56; 10.28;
21; 48.4488; 46.5004; 45.5469; 424.724; 288.205; 259.884; 8.9522; 7.9351; 0.0217; 3074.29; 2281.41; 7.26;
3; 2501.79; 2231.78; -6.92;
31; 2278.14; 2063.22; -25.91;
5; 31.00;
0; 09; 12:00:00; 21.04.2008; 3GC9,5;
1; 896.01; 790.02; 592.25; 25.7105; 25.5402; 25.3925;
2; 951.74; 835.71; 618.59; 44.0761; 43.0606; 41.7704; 45.5469; 44.7975; 44.2351; 347.982; 329.371; 314.272; 7.3107; 6.4234; 4.5391; 2417.29; 2115.75; 1550.64;
21; 49.6016; 48.6229; 48.0116; 304.018; 288.771; 274.075; 9.0800; 8.0098; 6.3790; 2637.29; 2313.68; 1816.96;
3; 2546.10; 2254.55; 1665.20;
31; 2312.95; 2091.60; 1649.38;
5; 31.00;
0; 09; 12:10:00; 21.04.2008; 3GC9,5;
1; 813.47; 767.08; 647.05; 25.5515; 25.4555; 25.3130;
2; 862.42; 810.63; 672.91; 43.3208; 42.3738; 41.6114; 45.5469; 45.3563; 45.1494; 339.873; 324.396; 309.820; 6.7893; 6.3561; 5.3934; 2226.08; 2061.93; 1716.44;
21; 49.2041; 48.4293; 47.5345; 299.339; 285.841; 267.837; 8.4409; 7.9423; 6.9474; 2407.97; 2269.99; 1913.03;
3; 2327.72; 2198.18; 1836.10;
31; 2150.48; 2052.09; 1760.15;
5; 47.00;
0; 09; 12:20:00; 21.04.2008; 3GC9,5;
1; 904.13; 758.10; 565.19; 25.7105; 25.5458; 25.3925;
2; 965.02; 802.45; 583.18; 42.6847; 41.5319; 40.5779; 45.2289; 44.9114; 44.5531; 409.996; 320.859; 248.919; 7.4486; 6.3478; 0.0217; 2895.31; 2036.89; 8.87;
21; 47.8525; 47.1113; 46.3420; 430.807; 287.449; 253.802; 9.4365; 7.7942; 0.0217; 3555.41; 2232.58; 7.44;
3; 2593.57; 2172.02; -6.92;
31; 2359.37; 2018.02; -24.86;
5; 47.00;
0; 09; 12:30:00; 21.04.2008; 3GC9,5;
1; 898.04; 732.95; 563.16; 25.7105; 25.4600; 25.1937;
2; 959.38; 775.22; 586.81; 42.4860; 40.3205; 37.9940; 45.3879; 44.6004; 43.2015; 339.555; 318.748; 296.940; 7.6303; 6.2110; 4.7543; 2478.60; 1981.20; 1506.25;
21; 48.0116; 46.1384; 43.7183; 301.367; 281.700; 263.938; 9.1271; 7.7944; 6.2108; 2605.42; 2197.83; 1739.03;
3; 2585.13; 2113.81; 1613.51;
31; 2347.76; 1987.75; 1577.64;
5; 47.00;
0; 09; 12:40:00; 21.04.2008; 3GC9,5;
1; 916.98; 855.49; 729.59; 25.6707; 25.3405; 25.1539;
2; 987.55; 917.77; 743.72; 43.2810; 41.3206; 38.5902; 45.0301; 44.0113; 43.1618; 340.986; 326.161; 306.481; 7.7312; 7.1764; 5.8879; 2531.70; 2340.86; 1898.15;
21; 48.5283; 45.9474; 43.7580; 300.899; 286.438; 271.892; 9.5240; 8.8506; 7.7984; 2715.11; 2534.98; 2153.17;
3; 2663.20; 2486.50; 2026.00;
31; 2405.79; 2285.21; 1950.04;
5; 31.00;
0; 09; 12:50:00; 21.04.2008; 3GC9,5;
1; 917.66; 857.58; 758.00; 25.7900; 25.6122; 25.3925;
2; 999.22; 931.08; 816.95; 43.8773; 42.6679; 41.4524; 45.8649; 45.6256; 45.0301; 343.212; 324.829; 306.481; 7.9464; 7.2299; 6.4193; 2599.06; 2348.71; 2067.44;
21; 49.1644; 48.7706; 48.3693; 428.623; 284.920; 267.525; 9.7729; 8.9351; 0.0217; 3828.78; 2539.23; 7.72;
3; 2666.36; 2492.94; 2202.18;
31; 2418.45; 2287.48; -23.80;
5; 47.00;
0; 09; 13:00:00; 21.04.2008; 3GC9,5;
1; 925.78; 856.15; 728.91; 25.7105; 25.5767; 25.4720;
2; 1005.65; 923.68; 771.08; 43.7580; 42.8892; 42.0884; 46.6202; 46.2020; 45.8649; 407.770; 323.104; 249.237; 7.9801; 7.1873; 0.0250; 2647.95; 2320.28; 10.20;
21; 50.0787; 49.1060; 48.6078; 290.138; 273.415; 252.398; 9.7628; 9.2657; 8.2424; 2709.14; 2534.11; 2158.79;
3; 2667.42; 2462.33; -6.92;
31; 2435.32; 2283.95; 1953.21;
5; 46.00;
0; 09; 13:10:00; 21.04.2008; 3GC9,5;
1; 920.36; 869.97; 745.15; 26.2670; 26.0647; 25.6707;
2; 1000.42; 951.12; 806.09; 45.8649; 44.3667; 42.8835; 47.7333; 47.3623; 46.5805; 339.396; 324.105; 308.548; 7.8724; 7.3356; 6.3420; 2551.00; 2377.50; 2029.41;
21; 51.5893; 50.8921; 50.0787; 294.037; 280.570; 266.434; 10.0824; 9.2185; 8.1718; 2801.06; 2586.20; 2270.28;
3; 2654.76; 2523.37; 2164.20;
31; 2423.72; 2330.80; 2053.43;
5; 47.00;
0; 09; 13:20:00; 21.04.2008; 3GC9,5;
1; 913.60; 879.78; 820.24; 26.2273; 26.0646; 25.7900;
2; 1001.63; 964.19; 895.01; 44.3146; 42.9819; 41.4127; 47.8525; 47.6336; 47.2165; 339.555; 325.012; 308.707; 7.9700; 7.4209; 6.6985; 2589.61; 2411.79; 2245.23;
21; 50.9930; 50.3283; 49.4029; 296.220; 280.355; 267.057; 10.0555; 9.3579; 8.6158; 2817.11; 2623.38; 2476.37;
3; 2653.70; 2557.72; 2387.85;
31; 2439.54; 2363.51; 2234.88;
5; 46.00;
0; 09; 13:30:00; 21.04.2008; 3GC9,5;
1; 923.75; 881.10; 764.09; 26.2273; 25.9179; 25.7502;
2; 1017.72; 971.03; 830.63; 44.4736; 42.8937; 41.2934; 47.5345; 47.2703; 47.0177; 409.996; 322.299; 252.259; 8.2021; 7.5385; 0.0250; 2934.80; 2427.38; 10.25;
21; 50.5159; 49.9228; 49.2836; 429.715; 282.588; 266.746; 10.1093; 9.2960; 0.0217; 3423.14; 2618.63; 8.65;
3; 2706.45; 2575.09; -5.87;
31; 2461.70; 2358.84; -23.80;
5; 31.00;
0; 09; 13:40:00; 21.04.2008; 3GC9,5;
1; 894.66; 844.37; 765.44; 26.1478; 25.9840; 25.8297;
2; 989.96; 933.00; 839.08; 43.1618; 41.9748; 41.4127; 47.4153; 46.9393; 46.6997; 337.329; 321.639; 305.050; 7.8287; 7.3221; 6.4328; 2585.25; 2355.02; 2088.32;
21; 49.8004; 49.0139; 48.6078; 291.074; 278.006; 263.626; 9.9949; 9.2122; 8.4375; 2795.47; 2560.91; 2341.46;
3; 2643.15; 2500.90; 2265.48;
31; 2418.45; 2308.76; 2130.44;
5; 31.00;
0; 09; 13:50:00; 21.04.2008; 3GC9,5;
1; 897.36; 829.62; 597.66; 26.4260; 26.2405; 26.0683;
2; 997.61; 918.58; 654.40; 44.7121; 43.2540; 41.5319; 47.6140; 47.1696; 46.7792; 339.714; 322.732; 306.004; 7.8186; 7.1570; 5.2723; 2555.26; 2310.68; 1651.92;
21; 50.2377; 49.5754; 48.4488; 296.844; 283.102; 267.993; 9.6787; 8.8965; 6.8465; 2749.46; 2519.25; 1891.41;
3; 2665.31; 2453.68; 1767.53;
31; 2425.83; 2271.43; 1716.89;
5; 47.00;
0; 09; 14:00:00; 21.04.2008; 3GC9,5;
1; 898.04; 832.49; 770.85; 26.3465; 26.0958; 25.8695;
2; 997.20; 923.77; 825.40; 43.1618; 41.6024; 40.2598; 46.8190; 46.2329; 45.9047; 410.155; 320.532; 254.644; 7.8052; 7.2770; 0.0250; 2763.66; 2330.54; 10.25;
21; 48.8861; 48.3451; 47.7730; 428.623; 284.363; 268.617; 9.7124; 8.9265; 0.0217; 3809.83; 2532.09; 8.52;
3; 2665.31; 2475.24; -5.87;
31; 2430.05; 2282.91; -20.64;
5; 31.00;
0; 09; 14:10:00; 21.04.2008; 3GC9,5;
1; 891.95; 852.28; 808.06; 26.1478; 26.0282; 25.9490;
2; 986.34; 942.87; 892.19; 42.4065; 41.4894; 40.7766; 45.9842; 45.7581; 45.4674; 340.350; 325.265; 309.025; 7.8859; 7.3399; 6.8331; 2577.38; 2387.42; 2267.85;
21; 48.4886; 47.9971; 47.6140; 299.807; 285.613; 273.140; 9.7292; 9.0615; 8.4611; 2770.77; 2587.94; 2484.48;
3; 2636.82; 2532.17; 2408.95;
31; 2412.12; 2331.40; 2239.10;
5; 31.00;
0; 09; 14:20:00; 21.04.2008; 3GC9,5;
1; 884.51; 779.24; 684.94; 26.3465; 26.1397; 26.0285;
2; 975.88; 853.86; 737.69; 42.5655; 40.9551; 39.9021; 45.8649; 45.1219; 44.3543; 339.396; 324.082; 308.389; 7.7783; 6.7194; 5.8576; 2533.54; 2177.64; 1893.97;
21; 48.4091; 47.3410; 46.4215; 294.037; 282.135; 268.305; 9.3625; 8.4694; 7.4957; 2653.65; 2389.34; 2114.01;
3; 2608.34; 2315.69; 2020.72;
31; 2388.91; 2156.72; 1909.95;
5; 47.00;
0; 09; 14:30:00; 21.04.2008; 3GC9,5;
1; 779.65; 733.64; 634.20; 26.3465; 26.2164; 26.1080;
2; 840.69; 781.07; 654.80; 40.9754; 39.7142; 38.8685; 44.3941; 43.6196; 42.8835; 343.212; 326.968; 310.615; 6.6245; 6.1584; 5.2084; 2178.72; 2013.54; 1697.32;
21; 46.4612; 45.3054; 44.3146; 299.495; 286.608; 271.112; 8.4712; 7.7508; 6.6447; 2439.32; 2221.30; 1909.23;
3; 2300.29; 2145.36; 1815.00;
31; 2129.38; 2008.30; 1730.61;
5; 46.00;
0; 09; 14:40:00; 21.04.2008; 3GC9,5;
1; 803.33; 702.19; 610.52; 26.2670; 26.1604; 26.0683;
2; 832.24; 723.56; 622.61; 39.8623; 38.3079; 37.3182; 42.8835; 41.9295; 41.4922; 409.519; 326.344; 242.559; 6.7355; 5.7515; 0.0250; 2205.20; 1875.69; 10.23;
21; 44.3146; 43.2375; 42.5655; 425.660; 293.641; 254.113; 8.1718; 7.0548; 0.0217; 2807.66; 2067.01; 7.29;
3; 2303.45; 2001.61; -6.92;
31; 2101.96; 1870.64; -25.91;
5; 47.00;
0; 09; 14:50:00; 21.04.2008; 3GC9,5;
1; 778.97; 647.41; 477.24; 26.2670; 26.1979; 26.0683;
2; 804.88; 655.67; 466.90; 40.0611; 38.2324; 35.5691; 42.0089; 41.4049; 39.9021; 342.417; 326.258; 307.753; 6.5169; 5.2404; 3.7486; 2165.62; 1709.85; 1228.15;
21; 44.2351; 43.2154; 40.6176; 305.110; 290.809; 271.892; 7.7917; 6.5438; 4.8115; 2266.75; 1901.68; 1410.26;
3; 2223.28; 1827.11; 1313.90;
31; 2049.21; 1723.16; 1279.08;
5; 31.00;
0; 09; 15:00:00; 21.04.2008; 3GC9,5;
1; 806.03; 620.13; 487.39; 26.3068; 26.1703; 26.0683;
2; 851.96; 638.97; 485.41; 39.5045; 36.8459; 35.1715; 40.3393; 39.4957; 38.9878; 354.820; 333.068; 311.569; 6.5572; 5.0259; 3.9000; 2227.59; 1677.60; 1281.24;
21; 42.7245; 40.6500; 39.5840; 320.081; 298.814; 279.845; 7.7984; 6.1867; 4.6803; 2361.14; 1851.82; 1436.70;
3; 2367.81; 1791.79; 1371.92;
31; 2115.67; 1677.95; 1313.90;
5; 47.00;
0; 09; 15:10:00; 21.04.2008; 3GC9,5;
1; 664.64; 533.97; 477.24; 26.3863; 26.1818; 25.9490;
2; 695.84; 552.25; 484.21; 39.5443; 36.5551; 34.7740; 40.4586; 39.4779; 38.2722; 407.929; 332.706; 239.220; 5.4338; 4.3506; 0.0250; 1815.69; 1446.87; 10.20;
21; 42.7245; 40.8152; 39.2263; 429.247; 299.786; 255.673; 6.8230; 5.4598; 0.0217; 2627.96; 1634.06; 7.28;
3; 1940.55; 1549.70; -6.92;
31; 1811.84; 1482.58; -26.97;
5; 31.00;
0; 09; 15:20:00; 21.04.2008; 3GC9,5;
1; 700.50; 603.11; 484.69; 26.1080; 26.0091; 25.9092;
2; 743.72; 638.95; 510.76; 37.7554; 36.6478; 34.9330; 38.9083; 38.6426; 38.2325; 358.159; 336.430; 314.590; 5.8475; 5.0004; 4.0412; 2027.36; 1682.85; 1344.59;
21; 41.4524; 40.7771; 39.3058; 320.081; 299.310; 281.405; 6.9844; 6.2407; 5.3026; 2114.89; 1868.84; 1546.76;
3; 2087.19; 1800.15; 1441.55;
31; 1915.23; 1694.54; 1404.62;
5; 47.00;
0; 09; 15:30:00; 21.04.2008; 3GC9,5;
1; 672.76; 608.54; 425.83; 26.1875; 26.0470; 25.9887;
2; 720.39; 649.53; 442.36; 38.3120; 36.7880; 35.8871; 38.9878; 38.6016; 38.4710; 353.707; 334.708; 315.862; 5.6995; 5.1157; 3.4997; 1960.04; 1712.49; 1159.40;
21; 42.2077; 41.0873; 40.6574; 310.880; 292.541; 274.855; 7.2199; 6.4879; 4.6803; 2133.18; 1898.13; 1351.37;
3; 2021.78; 1831.67; 1242.16;
31; 1875.14; 1721.36; 1225.28;
5; 46.00;
0; 09; 15:40:00; 21.04.2008; 3GC9,5;
1; 776.27; 660.35; 552.34; 26.5850; 26.4172; 26.1478;
2; 827.81; 703.62; 584.39; 39.9021; 38.6666; 37.9145; 40.5381; 39.6573; 38.9480; 355.456; 334.739; 315.862; 6.3857; 5.4844; 4.6265; 2153.07; 1836.60; 1535.64;
21; 44.3146; 43.0293; 42.0487; 427.843; 290.658; 259.728; 8.0137; 6.9322; 0.0217; 3135.65; 2012.56; 7.38;
3; 2279.19; 1962.21; 1645.16;
31; 2084.02; 1823.54; -25.91;
5; 47.00;
0; 09; 15:50:00; 21.04.2008; 3GC9,5;
1; 787.09; 632.33; 467.10; 26.9826; 26.8010; 26.5055;
2; 843.51; 672.65; 491.05; 41.7704; 40.0757; 37.8349; 41.9294; 41.3971; 40.4984; 412.063; 328.205; 248.919; 6.7019; 5.2825; 0.0250; 2584.58; 1734.57; 9.94;
21; 46.0239; 44.7613; 42.7642; 313.063; 291.846; 271.268; 8.1987; 6.6140; 4.9561; 2426.07; 1932.74; 1481.05;
3; 2314.00; 1852.53; -5.87;
31; 2118.83; 1751.69; 1344.49;
5; 47.00;
0; 09; 16:00:00; 21.04.2008; 3GC9,5;
1; 739.73; 634.62; 555.04; 27.1018; 26.9817; 26.8633;
2; 768.27; 661.30; 575.94; 39.5840; 38.6192; 37.5964; 41.5319; 41.1161; 40.8164; 352.117; 332.488; 313.000; 6.0863; 5.1930; 4.3171; 2048.96; 1727.42; 1489.90;
21; 43.7183; 42.8252; 42.0487; 309.476; 292.864; 275.011; 7.6504; 6.5508; 5.6322; 2251.90; 1919.00; 1674.25;
3; 2132.55; 1845.78; 1597.68;
31; 1966.92; 1740.33; 1541.77;
5; 31.00;
0; 09; 16:10:00; 21.04.2008; 3GC9,5;
1; 696.44; 661.73; 605.11; 27.1813; 27.0575; 26.9030;
2; 713.95; 676.75; 615.37; 40.3791; 39.3984; 38.5107; 42.0487; 41.7648; 41.5319; 346.074; 329.095; 311.092; 5.7533; 5.3712; 4.8283; 1919.75; 1767.54; 1607.96;
21; 44.5531; 43.8582; 43.4400; 309.164; 292.489; 273.607; 7.0988; 6.6712; 6.0998; 2085.49; 1950.99; 1808.63;
3; 1989.07; 1889.09; 1720.06;
31; 1847.71; 1769.51; 1641.99;
5; 47.00;
0; 09; 16:20:00; 21.04.2008; 3GC9,5;
1; 659.90; 513.09; 432.59; 27.0223; 26.7059; 26.3465;
2; 674.12; 515.77; 430.29; 39.1070; 36.4192; 34.2175; 41.8102; 40.6013; 38.8685; 404.431; 329.811; 237.153; 5.5280; 4.1012; 0.0250; 1853.41; 1352.17; 9.45;
21; 43.7183; 41.2988; 38.8685; 421.605; 297.668; 247.875; 6.6313; 5.1800; 0.0217; 2227.00; 1537.21; 7.22;
3; 1884.63; 1447.12; -6.92;
31; 1761.20; 1394.75; -26.97;
5; 46.00;
0; 09; 16:30:00; 21.04.2008; 3GC9,5;
1; 586.16; 521.51; 415.00; 26.4260; 26.2844; 26.1478;
2; 588.41; 519.66; 410.58; 36.6026; 35.6071; 34.7740; 38.9083; 38.5711; 38.0337; 354.343; 336.605; 317.294; 4.7072; 4.0969; 2.9985; 1587.89; 1379.58; 1052.37;
21; 39.6636; 39.1974; 38.5107; 314.779; 298.166; 278.910; 6.0628; 5.2323; 4.2565; 1819.56; 1560.65; 1265.18;
3; 1672.58; 1475.41; 1125.06;
31; 1577.64; 1415.66; 1145.10;
5; 47.00;
0; 09; 16:40:00; 21.04.2008; 3GC9,5;
1; 422.45; 324.04; 260.76; 26.5055; 26.2314; 25.8695;
2; 419.43; 313.56; 245.21; 34.9330; 33.0077; 30.9180; 38.0337; 36.6574; 34.7740; 354.820; 336.557; 317.294; 3.3752; 2.4531; 1.7506; 1142.21; 825.18; 618.63;
21; 38.5107; 36.4176; 33.5417; 319.145; 302.509; 281.405; 4.4852; 3.2550; 2.4536; 1334.97; 982.56; 779.22;
3; 1189.41; 876.91; 653.49;
31; 1168.31; 885.74; 691.47;
5; 46.00;
0; 09; 16:50:00; 21.04.2008; 3GC9,5;
1; 327.73; 305.93; 272.93; 25.9092; 25.6764; 25.5515;
2; 301.94; 283.98; 256.88; 31.0373; 30.5104; 29.9640; 34.7740; 33.5471; 32.6274; 354.820; 337.790; 320.156; 2.4906; 2.2431; 1.8179; 842.52; 757.67; 642.70;
21; 33.5417; 32.5546; 32.1504; 419.734; 310.488; 246.004; 3.4156; 2.8723; 0.0217; 1245.48; 890.78; 7.03;
3; 863.42; 804.47; 676.70;
31; 852.88; 800.89; -28.02;
5; 47.00;
0; 09; 17:00:00; 21.04.2008; 3GC9,5;
1; 308.79; 269.06; 230.31; 25.6707; 25.5261; 25.3527;
2; 279.41; 244.98; 211.41; 30.8783; 30.2840; 29.3677; 32.6671; 32.0546; 31.2758; 404.272; 340.609; 231.110; 2.3729; 1.8958; 0.0250; 888.88; 644.75; 10.10;
21; 32.1901; 31.5834; 30.6795; 329.750; 313.041; 295.908; 2.8303; 2.4632; 2.0230; 882.81; 770.75; 662.36;
3; 795.91; 680.38; -7.98;
31; 791.69; 695.50; 585.97;
5; 47.00;
0; 09; 17:10:00; 21.04.2008; 3GC9,5;
1; 237.08; 226.84; 216.11; 25.3925; 25.2703; 25.1142;
2; 218.65; 206.80; 193.31; 29.3677; 28.7933; 28.2546; 31.2758; 30.5155; 29.7652; 359.431; 341.146; 323.018; 1.7472; 1.5992; 1.4041; 593.28; 545.54; 498.66;
21; 30.7193; 30.0494; 29.4074; 329.594; 313.638; 298.560; 2.2753; 2.0636; 1.8212; 697.21; 647.13; 598.45;
3; 607.07; 570.56; 519.51;
31; 610.23; 578.71; 524.78;
5; 47.00;
0; 09; 17:20:00; 21.04.2008; 3GC9,5;
1; 216.78; 207.91; 202.58; 25.1937; 25.1215; 25.0347;
2; 193.31; 183.49; 178.82; 28.4534; 28.1583; 27.8969; 29.8050; 29.3374; 28.8907; 359.113; 341.010; 322.700; 1.5622; 1.4158; 1.2292; 531.79; 482.75; 441.03;
21; 29.4472; 29.0594; 28.6919; 329.438; 315.345; 299.651; 1.9759; 1.8017; 1.6396; 624.14; 568.12; 535.79;
3; 533.22; 500.80; 453.04;
31; 532.17; 504.83; 461.48;
5; 31.00;
0; 09; 17:30:00; 21.04.2008; 3GC9,5;
1; 203.25; 194.97; 184.99; 25.1142; 24.9962; 24.8359;
2; 179.22; 173.63; 166.35; 27.9764; 27.7135; 27.4993; 28.9304; 28.5873; 28.2546; 399.183; 335.088; 234.132; 1.4916; 1.3605; 0.0250; 511.54; 455.58; 7.46;
21; 28.7317; 28.4197; 28.0559; 409.597; 308.961; 239.454; 2.0264; 1.7224; 0.0183; 630.45; 531.48; 6.56;
3; 491.02; 470.94; -7.98;
31; 492.08; 470.99; -29.08;
5; 46.00;
0; 09; 17:40:00; 21.04.2008; 3GC9,5;
1; 184.99; 176.29; 159.28; 24.8757; 24.7583; 24.6769;
2; 166.75; 159.11; 144.62; 27.5391; 27.1858; 27.0223; 28.2944; 27.9642; 27.6981; 353.707; 335.344; 316.975; 1.3537; 1.2480; 1.0678; 456.95; 418.44; 369.54;
21; 28.0559; 27.7775; 27.5391; 326.163; 310.196; 292.478; 1.7338; 1.5758; 1.3738; 537.64; 488.69; 444.18;
3; 453.04; 429.38; 373.92;
31; 456.21; 431.22; 373.92;
5; 31.00;
0; 09; 17:50:00; 21.04.2008; 3GC9,5;
1; 159.96; 151.90; 149.81; 24.7564; 24.6869; 24.5974;
2; 144.62; 139.11; 137.38; 27.1813; 26.8633; 26.6248; 27.7378; 27.4562; 27.1813; 356.092; 338.462; 320.792; 1.1653; 1.0660; 0.9399; 392.26; 360.77; 331.88;
21; 27.5788; 27.2871; 27.0223; 328.970; 310.582; 291.074; 1.4613; 1.3708; 1.2494; 456.64; 425.70; 405.59;
3; 383.42; 364.47; 327.50;
31; 395.02; 372.87; 345.44;
5; 47.00;
0; 09; 18:00:00; 21.04.2008; 3GC9,5;
1; 157.93; 153.65; 148.45; 24.6372; 24.5597; 24.4384;
2; 145.83; 142.24; 136.98; 26.8235; 26.5691; 26.2670; 27.2211; 27.0206; 26.7838; 396.798; 335.397; 231.428; 1.1855; 1.1044; 0.0250; 397.96; 370.22; 9.90;
21; 27.0621; 26.8735; 26.6645; 406.322; 310.493; 190.641; 1.7237; 1.3986; 0.0183; 584.21; 433.83; 3.49;
3; 389.75; 375.20; -7.98;
31; 392.91; 380.70; -29.08;
5; 46.00;
0; 09; 18:10:00; 21.04.2008; 3GC9,5;
1; 168.07; 141.84; 132.22; 24.4782; 24.3847; 24.3191;
2; 159.51; 132.17; 122.89; 26.3068; 26.1706; 25.9887; 26.8235; 26.5728; 26.3863; 347.823; 330.425; 312.523; 1.2696; 1.0429; 0.8895; 423.62; 344.65; 309.24;
21; 26.7440; 26.5394; 26.3863; 328.970; 312.501; 297.312; 1.5521; 1.2867; 1.1148; 483.25; 402.06; 363.76;
3; 434.05; 346.78; 302.18;
31; 431.94; 350.84; 300.07;
5; 31.00;
0; 09; 18:20:00; 21.04.2008; 3GC9,5;
1; 260.76; 206.80; 168.07; 24.4384; 24.3750; 24.3191;
2; 243.20; 191.41; 159.51; 27.7378; 27.1719; 26.2670; 27.2211; 26.8461; 26.4260; 353.866; 334.565; 315.862; 1.9860; 1.5315; 1.1888; 663.31; 512.22; 418.80;
21; 27.7776; 27.3192; 26.5453; 328.190; 312.136; 296.688; 2.4031; 1.8636; 1.5286; 756.02; 581.71; 483.01;
3; 702.02; 536.30; 424.56;
31; 656.65; 520.76; 433.00;
5; 47.00;
0; 09; 18:30:00; 21.04.2008; 3GC9,5;
1; 316.23; 272.12; 192.43; 24.7564; 24.5600; 24.3589;
2; 264.12; 225.61; 169.16; 28.9304; 28.2948; 27.3403; 28.2944; 27.7583; 27.1813; 363.088; 342.009; 321.746; 2.1979; 1.7853; 1.3268; 737.06; 610.42; 447.76;
21; 29.0497; 28.5401; 27.6186; 411.936; 312.965; 295.908; 2.6722; 2.1972; 0.0183; 831.29; 687.04; 5.47;
3; 782.19; 650.79; 474.14;
31; 713.62; 619.55; -16.42;
5; 47.00;
0; 09; 18:40:00; 21.04.2008; 3GC9,5;
1; 257.37; 227.96; 182.28; 24.7167; 24.6037; 24.5179;
2; 199.34; 176.21; 142.21; 28.2546; 27.5517; 26.6645; 28.2546; 28.0647; 27.6583; 401.091; 334.734; 234.291; 1.6329; 1.3952; 0.0217; 583.42; 467.27; 7.84;
21; 28.8907; 28.1878; 27.3403; 342.850; 314.678; 242.105; 2.2450; 1.7321; 1.4176; 652.83; 544.67; 446.44;
3; 562.76; 490.86; -7.98;
31; 558.54; 485.42; 397.13;
5; 47.00;
0; 09; 18:50:00; 21.04.2008; 3GC9,5;
1; 198.52; 177.26; 141.69; 24.5974; 24.5321; 24.4384;
2; 152.27; 134.51; 108.41; 26.8235; 26.4887; 26.0285; 27.6981; 27.2814; 26.7838; 353.230; 334.823; 315.544; 1.2292; 1.0530; 0.7751; 415.40; 352.50; 269.48;
21; 27.3403; 26.8484; 26.1875; 329.282; 313.493; 297.312; 1.5656; 1.3368; 1.0543; 481.58; 419.20; 344.41;
3; 412.95; 362.06; 273.70;
31; 420.34; 366.51; 291.63;
5; 31.00;
0; 09; 19:00:00; 21.04.2008; 3GC9,5;
1; 159.96; 149.66; 132.22; 24.5179; 24.4048; 24.1999;
2; 119.27; 111.20; 95.53; 26.0683; 25.7954; 25.2732; 26.8235; 26.4098; 25.9490; 355.933; 335.937; 316.339; 0.9702; 0.8523; 0.6507; 323.28; 286.29; 227.56;
21; 26.2273; 25.8171; 25.3130; 327.411; 310.791; 291.854; 1.2460; 1.1148; 0.8996; 389.11; 346.54; 290.88;
3; 309.57; 286.32; 224.12;
31; 325.39; 297.55; 239.94;
5; 47.00;
0; 09; 19:10:00; 21.04.2008; 3GC9,5;
1; 132.89; 98.77; 80.13; 24.2794; 24.0803; 23.9216;
2; 95.53; 70.12; 56.10; 25.3130; 24.6030; 23.9614; 25.9887; 25.3765; 24.6769; 380.897; 328.779; 174.185; 0.7314; 0.5203; 0.0217; 243.58; 171.23; 4.94;
21; 25.3130; 24.5840; 23.8024; 388.700; 304.933; 212.630; 0.9601; 0.7224; 0.0183; 298.78; 220.48; 3.89;
3; 246.27; 157.18; -9.03;
31; 276.86; 177.67; -18.53;
5; 47.00;
0; 09; 19:20:00; 21.04.2008; 3GC9,5;
1; 80.13; 70.65; 64.57; 23.9216; 23.7864; 23.6036;
2; 56.10; 50.44; 47.25; 24.0011; 23.5711; 23.2856; 24.7167; 24.1316; 23.5639; 334.308; 318.366; 298.053; 0.4354; 0.3791; 0.3547; 136.83; 120.67; 112.81;
21; 23.8421; 23.2849; 22.8483; 318.210; 302.576; 287.019; 0.5767; 0.5092; 0.4488; 174.96; 154.07; 141.57;
3; 124.95; 101.05; 84.86;
31; 137.61; 114.11; 86.97;
5; 47.00;
0; 09; 19:30:00; 21.04.2008; 3GC9,5;
1; 72.68; 67.50; 61.18; 23.6434; 23.5391; 23.4446;
2; 51.68; 48.91; 45.24; 23.3253; 23.1645; 23.0073; 23.6036; 23.2680; 22.9676; 320.951; 320.835; 320.792; 0.3883; 0.3632; 0.3345; 124.62; 116.54; 107.30;
21; 22.8881; 22.6719; 22.4508; 320.861; 303.316; 287.955; 0.5228; 0.4669; 0.4219; 159.69; 141.62; 128.44;
3; 111.23; 96.73; 84.86;
31; 116.51; 102.37; 76.42;
5; 31.00;
0; 09; 19:40:00; 21.04.2008; 3GC9,5;
1; 61.86; 50.01; 36.83; 23.4843; 23.4034; 23.3253;
2; 45.64; 37.85; 28.74; 23.0471; 22.8453; 22.6098; 22.9676; 22.7368; 22.4508; 367.859; 328.226; 320.633; 0.3345; 0.2381; 0.0183; 107.35; 76.51; 6.67;
21; 22.4905; 22.2793; 22.0135; 362.344; 303.062; 301.835; 0.4253; 0.3425; 0.0149; 128.44; 103.45; 5.40;
3; 92.24; 56.62; -0.59;
31; 94.35; 66.35; -5.87;
5; 47.00;
0; 09; 19:50:00; 21.04.2008; 3GC9,5;
1; 37.51; 26.03; 15.86; 23.3651; 23.2753; 23.1663;
2; 28.74; 20.43; 12.25; 22.6495; 22.3581; 22.0533; 22.4905; 22.2335; 21.8943; 364.678; 345.217; 185.634; 0.1966; 0.0403; 0.0183; 53.14; 13.28; 5.28;
21; 22.0533; 21.7602; 21.3775; 361.876; 342.525; 163.194; 0.2470; 0.0383; 0.0149; 64.64; 12.28; 3.53;
3; 188.25; 0.27; -9.03;
31; 113.34; -4.87; -33.30;
5; 46.00;
0; 09; 20:00:00; 21.04.2008; 3GC9,5;
1; 16.53; 11.87; 6.39; 23.2061; 23.0549; 22.9278;
2; 12.65; 8.68; 4.60; 22.0930; 21.7761; 21.5365; 21.9340; 21.6208; 21.2980; 336.852; 313.017; 203.443; 0.0923; 0.0232; 0.0183; 21.28; 7.13; 5.55;
21; 21.4172; 21.0699; 20.7414; 331.465; 304.761; 185.495; 0.1528; 0.0358; 0.0149; 36.72; 9.97; 4.65;
3; 0.46; -0.31; -0.59;
31; 19.45; -5.19; -5.87;
5; 46.00;
0; 09; 20:10:00; 21.04.2008; 3GC9,5;
1; 7.74; 3.32; 0.97; 22.9676; 22.8197; 22.6495;
2; 5.00; 2.49; 0.98; 21.5762; 21.2825; 21.0197; 21.3377; 21.0230; 20.7017; 274.361; 225.688; 133.638; 0.0385; 0.0178; 0.0082; 8.43; 4.00; 1.80;
21; 20.7812; 20.4445; 20.1054; 292.478; 240.695; 134.811; 0.0620; 0.0227; 0.0149; 13.44; 5.34; 3.26;
3; 0.46; -0.46; -0.59;
31; -4.81; -5.25; -5.87;
5; 46.00;
0; 09; 20:20:00; 21.04.2008; 3GC9,5;
1; 1.65; -0.29; -1.73; 22.6893; 22.4568; 22.2123;
2; 1.38; -0.25; -1.43; 21.0992; 20.8331; 20.6222; 20.7414; 20.4823; 20.2247; 220.139; 148.563; 94.680; 0.0116; 0.0075; 0.0048; 2.54; 1.11; 0.46;
21; 20.1451; 19.9056; 19.7079; 229.317; 207.100; 134.655; 0.0284; 0.0047; -0.0019; 4.47; 0.93; -0.42;
3; 0.46; -0.57; -1.65;
31; -4.81; -5.27; -5.87;
5; 46.00;
0; 09; 20:30:00; 21.04.2008; 3GC9,5;
1; 0.30; -1.07; -1.73; 22.4508; 22.2568; 22.1725;
2; -0.63; -1.36; -1.84; 21.0197; 20.7687; 20.5824; 20.2644; 20.1464; 20.0656; 94.521; 43.528; 13.586; 0.0082; 0.0073; 0.0048; 0.77; 0.31; 0.07;
21; 19.8271; 19.7487; 19.7079; 178.321; 111.706; 50.285; 0.0015; -0.0005; -0.0019; 0.26; -0.05; -0.34;
3; 0.46; -0.23; -0.59;
31; -3.76; -5.03; -5.87;
5; 46.00;
0; 09; 20:40:00; 21.04.2008; 3GC9,5;
1; -0.38; -0.81; -1.73; 22.4905; 22.4247; 22.3713;
2; -1.03; -1.56; -1.84; 21.0595; 20.9129; 20.7812; 20.2247; 20.1573; 20.1054; 13.586; 6.319; 2.137; 0.0082; 0.0075; 0.0048; 0.11; 0.05; 0.01;
21; 19.9066; 19.8477; 19.8271; 50.129; 24.997; 8.646; 0.0015; -0.0005; -0.0019; 0.07; -0.01; -0.09;
3; 0.46; -0.24; -0.59;
31; -4.81; -5.00; -5.87;
5; 47.00;
0; 09; 20:50:00; 21.04.2008; 3GC9,5;
1; -0.38; -1.10; -1.73; 22.4110; 22.3162; 22.2123;
2; -1.43; -1.56; -1.84; 20.8607; 20.7936; 20.7017; 20.1451; 20.0876; 20.0259; 2.296; 1.224; 0.547; 0.0082; 0.0075; 0.0048; 0.02; 0.01; 0.00;
21; 19.8669; 19.7521; 19.6681; 8.646; 4.334; 1.784; 0.0015; -0.0003; -0.0019; 0.01; 0.00; -0.02;
3; 0.46; -0.25; -0.59;
31; -3.76; -4.94; -5.87;
5; 47.00;
0; 09; 21:00:00; 21.04.2008; 3GC9,5;
1; -0.38; -0.97; -1.73; 22.3713; 22.2961; 22.2123;
2; -1.43; -1.54; -1.84; 20.9402; 20.8059; 20.6619; 20.1054; 20.0545; 19.9861; 0.706; 0.479; 0.388; 0.0082; 0.0075; 0.0048; 0.01; 0.00; 0.00;
21; 19.7476; 19.6314; 19.5886; 1.940; 1.227; 0.848; 0.0015; -0.0002; -0.0019; 0.00; 0.00; 0.00;
3; 0.46; -0.24; -0.59;
31; -3.76; -4.92; -5.87;
5; 47.00;
0; 09; 21:10:00; 21.04.2008; 3GC9,5;
1; -0.38; -1.48; -2.41; 22.3713; 22.1988; 22.0930;
2; -1.03; -1.52; -1.84; 20.8607; 20.5524; 20.3439; 20.1054; 19.9620; 19.7874; 0.388; 0.378; 0.229; 0.0082; 0.0075; 0.0048; 0.00; 0.00; 0.00;
21; 19.6284; 19.3946; 19.1513; 0.848; 0.710; 0.536; 0.0015; -0.0002; -0.0019; 0.00; 0.00; 0.00;
3; 0.46; -0.23; -0.59;
31; -3.76; -4.95; -5.87;
5; 31.00;
0; 09; 21:20:00; 21.04.2008; 3GC9,5;
1; -1.06; -1.77; -2.41; 22.1328; 21.9734; 21.7750;
2; -1.03; -1.51; -1.84; 20.4632; 20.2025; 20.0259; 19.8271; 19.6825; 19.5091; 0.388; 0.350; 0.229; 0.0082; 0.0074; 0.0048; 0.00; 0.00; 0.00;
21; 19.1911; 18.9361; 18.7538; 0.692; 0.540; 0.380; 0.0015; -0.0002; -0.0019; 0.00; 0.00; 0.00;
3; 0.46; -0.18; -0.59;
31; -3.76; -4.88; -5.87;
5; 47.00;
0; 09; 21:30:00; 21.04.2008; 3GC9,5;
1; -1.73; -1.94; -2.41; 21.8147; 21.6558; 21.4570;
2; -1.03; -1.49; -1.84; 20.1451; 19.7758; 19.3501; 19.5489; 19.3377; 19.0321; 0.388; 0.332; 0.229; 0.0082; 0.0075; 0.0048; 0.00; 0.00; 0.00;
21; 18.7936; 18.6014; 18.3563; 0.536; 0.513; 0.380; 0.0015; -0.0002; -0.0019; 0.00; 0.00; 0.00;
3; 0.46; -0.10; -0.59;
31; -3.76; -4.88; -5.87;
5; 47.00;
0; 09; 21:40:00; 21.04.2008; 3GC9,5;
1; -1.73; -1.96; -2.41; 21.4967; 21.3488; 21.2582;
2; -1.03; -1.48; -1.84; 19.4694; 19.3663; 19.2706; 19.0718; 18.8570; 18.6743; 0.388; 0.324; 0.229; 0.0082; 0.0075; 0.0048; 0.00; 0.00; 0.00;
21; 18.3960; 18.2592; 18.0780; 0.536; 0.480; 0.380; 0.0015; -0.0002; -0.0019; 0.00; 0.00; 0.00;
3; 0.46; 0.01; -0.59;
31; -3.76; -4.90; -5.87;
5; 46.00;
0; 09; 21:50:00; 21.04.2008; 3GC9,5;
1; -1.06; -1.93; -2.41; 21.5365; 21.3869; 21.2980;
2; -1.03; -1.47; -1.84; 19.4296; 19.2326; 19.0321; 18.7538; 18.5425; 18.3563; 0.388; 0.321; 0.229; 0.0082; 0.0074; 0.0048; 0.00; 0.00; 0.00;
21; 18.1178; 17.9509; 17.8395; 0.536; 0.464; 0.380; 0.0015; -0.0002; -0.0019; 0.00; 0.00; 0.00;
3; 0.46; -0.41; -0.59;
31; -4.81; -5.09; -5.87;
5; 47.00;
0; 09; 22:00:00; 21.04.2008; 3GC9,5;
1; -1.06; -1.85; -2.41; 21.4967; 21.3953; 21.2980;
2; -1.03; -1.44; -1.84; 19.5489; 19.2250; 19.0321; 18.3960; 18.2532; 18.1575; 0.388; 0.322; 0.229; 0.0082; 0.0075; 0.0048; 0.00; 0.00; 0.00;
21; 17.9190; 17.7339; 17.6408; 0.536; 0.469; 0.380; 0.0015; 0.0000; -0.0019; 0.00; 0.00; 0.00;
3; 0.46; -0.43; -0.59;
31; -4.81; -5.11; -5.87;
5; 47.00;
0; 09; 22:10:00; 21.04.2008; 3GC9,5;
1; 0.30; -0.50; -1.73; 21.8545; 21.7289; 21.4967;
2; -1.03; -1.43; -1.84; 19.9464; 19.8302; 19.5091; 18.7141; 18.5195; 18.2370; 0.388; 0.329; 0.229; 0.0082; 0.0076; 0.0048; 0.00; 0.00; 0.00;
21; 18.6743; 18.3473; 17.9190; 0.536; 0.477; 0.380; 0.0015; -0.0001; -0.0019; 0.00; 0.00; 0.00;
3; 0.46; -0.48; -0.59;
31; -4.81; -5.12; -5.87;
5; 47.00;
0; 09; 22:20:00; 21.04.2008; 3GC9,5;
1; -0.38; -1.39; -2.41; 21.8545; 21.7703; 21.5762;
2; -1.03; -1.42; -1.84; 19.9464; 19.7127; 19.4296; 18.7538; 18.6953; 18.5948; 0.388; 0.317; 0.229; 0.0082; 0.0075; 0.0048; 0.00; 0.00; 0.00;
21; 18.6743; 18.4524; 18.1973; 0.536; 0.421; 0.380; 0.0015; -0.0002; -0.0019; 0.00; 0.00; 0.00;
3; 0.46; -0.48; -0.59;
31; -4.81; -5.18; -5.87;
5; 31.00;
0; 09; 22:30:00; 21.04.2008; 3GC9,5;
1; -1.06; -1.85; -2.41; 21.6955; 21.4497; 20.9402;
2; -1.03; -1.41; -1.84; 19.6681; 19.4815; 19.1513; 18.6346; 18.5344; 18.3563; 0.388; 0.305; 0.229; 0.0082; 0.0075; 0.0048; 0.00; 0.00; 0.00;
21; 18.2768; 18.1381; 17.8793; 0.536; 0.410; 0.380; 0.0015; 0.0000; -0.0019; 0.00; 0.00; 0.00;
3; 0.46; -0.44; -0.59;
31; -4.81; -5.22; -5.87;
5; 47.00;
0; 09; 22:40:00; 21.04.2008; 3GC9,5;
1; -1.73; -1.97; -2.41; 20.9799; 20.8053; 20.4632;
2; -1.03; -1.39; -1.84; 19.2706; 19.0478; 18.7538; 18.3960; 18.2058; 17.9985; 0.388; 0.308; 0.229; 0.0082; 0.0075; 0.0048; 0.00; 0.00; 0.00;
21; 17.9588; 17.7952; 17.5612; 0.536; 0.414; 0.380; 0.0015; 0.0000; -0.0019; 0.00; 0.00; 0.00;
3; 0.46; -0.45; -1.65;
31; -4.81; -5.23; -5.87;
5; 47.00;
0; 09; 22:50:00; 21.04.2008; 3GC9,5;
1; -1.73; -1.97; -2.41; 20.5824; 20.5040; 20.4234;
2; -1.03; -1.38; -1.84; 18.9923; 18.8158; 18.6346; 18.0383; 17.8684; 17.7203; 0.388; 0.317; 0.229; 0.0082; 0.0075; 0.0048; 0.00; 0.00; 0.00;
21; 17.6010; 17.3929; 17.1637; 0.536; 0.430; 0.380; 0.0015; 0.0001; -0.0019; 0.00; 0.00; 0.00;
3; 0.46; -0.39; -1.65;
31; -4.81; -5.09; -5.87;
5; 47.00;
0; 09; 23:00:00; 21.04.2008; 3GC9,5;
1; -0.38; -1.49; -2.41; 20.9799; 20.7981; 20.5427;
2; -1.03; -1.37; -1.84; 19.5091; 19.2272; 18.9923; 17.8793; 17.8076; 17.7203; 0.388; 0.318; 0.229; 0.0082; 0.0075; 0.0048; 0.00; 0.00; 0.00;
21; 17.4022; 17.3007; 17.1637; 0.536; 0.453; 0.380; 0.0015; -0.0001; -0.0019; 0.00; 0.00; 0.00;
3; 0.46; -0.38; -0.59;
31; -4.81; -5.05; -5.87;
5; 47.00;
