0; 09; 03:50:00; 26.03.2008; 3GC9,5;
1; 3.00; -2.57; -9.17; 0.3485; 0.0476; -62.5000;
2; 4.60; 0.66; -328.95; 0.1497; -0.2857; -62.5000; -0.9634; -1.3776; -62.5000; 0.865; 0.164; -130.000; 0.0250; 0.0051; -2.7500; 357.50; 0.21; -0.63;
21; -1.9572; -2.3073; -2.7920; 1.004; 0.316; -127.500; 0.0183; 0.0002; -2.7500; 350.62; 0.04; -1.47;
3; 3.63; -2.11; -862.50;
31; -0.59; -5.76; -862.50;
5; 31.00;
0; 09; 04:00:00; 26.03.2008; 3GC9,5;
1; 4.36; -2.48; -12.56; 0.4677; 0.0058; -0.4466;
2; 5.00; 0.75; -3.85; -0.0888; -0.6432; -1.4006; -1.0826; -1.5971; -2.1559; 1.183; 0.237; -0.884; 0.0250; 0.0071; -0.0120; 0.02; 0.00; -0.01;
21; -2.0764; -2.5492; -3.1100; 1.004; 0.329; -0.867; 0.0149; 0.0008; -0.0153; 0.01; 0.00; -0.01;
3; 4.68; -1.32; -9.03;
31; 1.52; -5.33; -13.25;
5; 47.00;
0; 09; 04:10:00; 26.03.2008; 3GC9,5;
1; 5.03; -2.57; -10.53; 0.4677; -0.0458; -0.4863;
2; 4.60; 0.73; -5.46; -0.6851; -1.2838; -1.7982; -1.4006; -1.9072; -2.3547; 1.183; 0.239; -0.725; 0.0250; 0.0069; -0.0153; 0.03; 0.00; -0.01;
21; -2.3944; -2.8861; -3.6665; 1.160; 0.326; -0.555; 0.0149; 0.0008; -0.0187; 0.01; 0.00; -0.01;
3; 4.68; -1.30; -9.03;
31; 0.46; -5.27; -13.25;
5; 47.00;
0; 09; 04:20:00; 26.03.2008; 3GC9,5;
1; 5.71; -2.53; -10.53; 1.0640; 0.3974; -0.3671;
2; 5.81; 0.75; -2.64; -0.4068; -1.1680; -1.9572; -1.6789; -2.0794; -2.5932; 1.024; 0.236; -0.566; 0.0284; 0.0069; -0.0153; 0.01; 0.00; -0.01;
21; -2.4739; -2.9541; -3.5075; 1.160; 0.328; -0.711; 0.0250; 0.0008; -0.0288; 0.02; 0.00; -0.01;
3; 4.68; -1.36; -12.20;
31; 0.46; -5.31; -14.31;
5; 31.00;
0; 09; 04:30:00; 26.03.2008; 3GC9,5;
1; 6.39; -2.55; -10.53; 1.3025; 0.8014; 0.3087;
2; 5.81; 0.76; -4.65; -0.2876; -0.7642; -1.3609; -1.4006; -1.8961; -2.4342; 0.865; 0.229; -0.884; 0.0250; 0.0069; -0.0120; 0.01; 0.00; 0.00;
21; -2.1559; -2.6427; -3.2292; 1.160; 0.323; -0.711; 0.0149; 0.0006; -0.0221; 0.01; 0.00; -0.02;
3; 3.63; -1.34; -7.98;
31; 1.52; -5.23; -13.25;
5; 46.00;
0; 09; 04:40:00; 26.03.2008; 3GC9,5;
1; 4.36; -2.57; -9.85; 1.1038; 0.5962; 0.1100;
2; 5.81; 0.80; -4.65; -0.4466; -0.9423; -1.5199; -1.4006; -1.8387; -2.2752; 1.024; 0.235; -0.407; 0.0250; 0.0069; -0.0120; 0.01; 0.00; -0.01;
21; -2.0764; -2.4567; -2.9907; 1.160; 0.324; -0.711; 0.0217; 0.0007; -0.0153; 0.01; 0.00; -0.01;
3; 4.68; -1.35; -11.14;
31; 0.46; -5.20; -12.20;
5; 46.00;
0; 09; 04:50:00; 26.03.2008; 3GC9,5;
1; 4.36; -2.54; -11.20; 0.6665; 0.1813; -0.4863;
2; 5.81; 0.74; -4.25; -0.6056; -1.1393; -1.8777; -1.4404; -1.8845; -2.3547; 1.024; 0.239; -0.884; 0.0284; 0.0070; -0.0153; 0.02; 0.00; -0.01;
21; -2.0367; -2.5023; -2.9510; 1.160; 0.318; -0.867; 0.0183; 0.0008; -0.0221; 0.01; 0.00; -0.01;
3; 4.68; -1.31; -9.03;
31; 0.46; -5.31; -12.20;
5; 47.00;
0; 09; 05:00:00; 26.03.2008; 3GC9,5;
1; 5.71; -2.56; -10.53; 0.2690; -0.2952; -0.9236;
2; 5.41; 0.81; -3.04; -1.0826; -1.6914; -2.2752; -1.6789; -2.1857; -2.9510; 1.024; 0.227; -0.884; 0.0217; 0.0072; -0.0187; 0.01; 0.00; -0.01;
21; -2.1957; -2.8067; -3.3485; 1.160; 0.313; -0.555; 0.0217; 0.0007; -0.0221; 0.01; 0.00; -0.01;
3; 5.74; -1.29; -6.92;
31; 1.52; -5.28; -13.25;
5; 47.00;
0; 09; 05:10:00; 26.03.2008; 3GC9,5;
1; 5.03; -2.52; -10.53; 0.2690; -0.1129; -0.7646;
2; 5.00; 0.77; -3.85; -1.0429; -1.5359; -2.2354; -1.9174; -2.3468; -2.9112; 1.024; 0.227; -0.725; 0.0250; 0.0069; -0.0120; 0.02; 0.00; -0.01;
21; -2.5137; -2.9998; -3.5473; 1.160; 0.308; -0.711; 0.0183; 0.0006; -0.0254; 0.01; 0.00; -0.01;
3; 4.68; -1.36; -9.03;
31; 0.46; -5.31; -11.14;
5; 47.00;
0; 09; 05:20:00; 26.03.2008; 3GC9,5;
1; 5.71; -2.54; -9.85; 0.5075; 0.0160; -0.4466;
2; 5.00; 0.82; -5.05; -0.8441; -1.4107; -2.1559; -1.8777; -2.3327; -2.9112; 1.024; 0.243; -1.043; 0.0250; 0.0069; -0.0120; 0.01; 0.00; -0.02;
21; -2.4342; -2.9237; -3.5473; 1.160; 0.340; -0.555; 0.0149; 0.0005; -0.0254; 0.01; 0.00; -0.01;
3; 4.68; -1.44; -10.09;
31; 0.46; -5.37; -13.25;
5; 47.00;
0; 09; 05:30:00; 26.03.2008; 3GC9,5;
1; 5.03; -2.55; -10.53; 0.3882; -0.1820; -0.8838;
2; 5.81; 0.83; -3.85; -1.1621; -1.7001; -2.2752; -1.9969; -2.4480; -3.0702; 0.865; 0.253; -0.407; 0.0250; 0.0069; -0.0187; 0.02; 0.00; -0.01;
21; -2.6727; -3.0370; -3.5075; 1.160; 0.430; -0.711; 0.0149; 0.0005; -0.0254; 0.01; 0.00; -0.02;
3; 4.68; -1.42; -9.03;
31; 0.46; -5.30; -13.25;
5; 46.00;
0; 09; 05:40:00; 26.03.2008; 3GC9,5;
1; 3.68; -2.60; -9.85; 0.1100; -0.3144; -0.9236;
2; 4.60; 0.85; -3.85; -1.0826; -1.6026; -2.3944; -2.1559; -2.5322; -2.9907; 1.342; 0.454; -0.566; 0.0250; 0.0069; -0.0086; 0.02; 0.00; -0.01;
21; -2.7920; -3.1769; -3.8255; 2.408; 1.011; -0.244; 0.0183; 0.0007; -0.0288; 0.03; 0.00; -0.03;
3; 3.63; -1.38; -7.98;
31; 1.52; -5.33; -12.20;
5; 47.00;
0; 09; 05:50:00; 26.03.2008; 3GC9,5;
1; 6.39; -2.55; -10.53; 0.0305; -0.3483; -0.9236;
2; 5.00; 0.88; -4.25; -1.1224; -1.5675; -2.1162; -2.0764; -2.4833; -3.0702; 6.112; 2.211; 0.229; 0.0250; 0.0069; -0.0153; 0.10; 0.02; -0.07;
21; -2.7522; -3.2060; -3.6665; 15.664; 6.197; 1.628; 0.0149; 0.0006; -0.0187; 0.17; 0.00; -0.18;
3; 4.68; -1.37; -6.92;
31; 1.52; -5.30; -13.25;
5; 46.00;
0; 09; 06:00:00; 26.03.2008; 3GC9,5;
1; 6.39; -2.54; -12.56; 0.0305; -0.3436; -0.8838;
2; 6.61; 0.97; -5.46; -1.2019; -1.6312; -2.1957; -2.1162; -2.4983; -2.9510; 41.253; 18.482; 5.158; 0.0217; 0.0069; -0.0153; 0.76; 0.13; -0.32;
21; -2.8317; -3.2139; -3.7858; 97.382; 46.253; 15.508; 0.0149; 0.0009; -0.0221; 1.25; 0.04; -1.31;
3; 3.63; -1.38; -9.03;
31; 0.46; -5.30; -15.36;
5; 47.00;
0; 09; 06:10:00; 26.03.2008; 3GC9,5;
1; 4.36; -2.56; -9.17; -0.0888; -0.4985; -1.1224;
2; 5.81; 1.44; -2.64; -1.3211; -1.8465; -2.4739; -2.1559; -2.5542; -3.1497; 117.101; 75.302; 41.094; 0.0284; 0.0072; -0.0120; 2.56; 0.54; -1.36;
21; -2.8317; -3.2511; -3.7460; 212.786; 158.268; 97.382; 0.0183; 0.0011; -0.0221; 3.88; 0.18; -3.63;
3; 4.68; -1.36; -9.03;
31; -0.59; -5.30; -14.31;
5; 47.00;
0; 09; 06:20:00; 26.03.2008; 3GC9,5;
1; 5.71; -2.18; -9.85; -0.2478; -0.7331; -1.2416;
2; 8.63; 2.48; -2.24; -1.5596; -2.1342; -2.9907; -2.3149; -2.7349; -3.4280; 197.241; 155.896; 116.783; 0.0250; 0.0072; -0.0153; 4.20; 1.13; -1.95;
21; -2.8715; -3.3071; -3.9448; 225.730; 216.187; 134.187; 0.0385; 0.0079; -0.0120; 7.53; 1.67; -2.61;
3; 3.63; -1.40; -7.98;
31; 0.46; -5.29; -12.20;
5; 47.00;
0; 09; 06:30:00; 26.03.2008; 3GC9,5;
1; 9.77; 2.23; -11.88; 0.1100; -0.6576; -1.4006;
2; 8.63; 4.10; -1.03; -1.0429; -1.9351; -2.7522; -2.3547; -2.8034; -3.3882; 222.524; 213.644; 197.241; 0.0317; 0.0099; -0.0120; 7.05; 2.13; -2.60;
21; -2.7920; -3.2985; -3.9845; 288.891; 211.932; 134.031; 0.0418; 0.0235; 0.0015; 10.94; 4.93; 0.26;
3; 4.68; -1.42; -9.03;
31; 0.46; -5.43; -15.36;
5; 47.00;
0; 09; 06:40:00; 26.03.2008; 3GC9,5;
1; 15.86; 7.53; -1.73; 0.3485; -0.1469; -1.0429;
2; 11.44; 5.93; 0.58; -0.6851; -1.2191; -1.8379; -1.9969; -2.4632; -3.3882; 226.181; 198.486; 132.684; 0.0519; 0.0219; -0.0053; 8.45; 4.08; -1.18;
21; -2.4739; -2.9742; -3.5870; 323.824; 306.232; 198.283; 0.0519; 0.0201; -0.0019; 13.05; 6.11; -0.61;
3; 4.68; -1.43; -7.98;
31; 0.46; -5.46; -12.20;
5; 46.00;
0; 09; 06:50:00; 26.03.2008; 3GC9,5;
1; 42.92; 17.35; 0.30; 0.4677; -0.0549; -0.7248;
2; 13.86; 8.35; 2.59; -0.5261; -1.1047; -1.8379; -1.7186; -2.1398; -2.6330; 293.601; 216.821; 138.885; 0.0553; 0.0294; 0.0048; 11.49; 6.17; 1.39;
21; -2.1559; -2.6719; -3.1895; 356.262; 337.421; 202.649; 0.0721; 0.0189; 0.0015; 17.77; 6.31; 0.49;
3; 4.68; -1.34; -11.14;
31; 0.46; -5.43; -13.25;
5; 47.00;
0; 09; 07:00:00; 26.03.2008; 3GC9,5;
1; 67.27; 52.05; 34.12; 0.5870; -0.0377; -0.6453;
2; 21.90; 13.93; 6.21; -0.6453; -1.1093; -1.6789; -1.4404; -1.9524; -2.4739; 352.753; 326.593; 198.036; 0.0654; 0.0222; -0.0019; 16.16; 7.20; -0.62;
21; -1.9572; -2.4546; -2.9112; 375.912; 358.250; 205.145; 0.1192; 0.0221; -0.0053; 35.25; 7.48; -1.96;
3; 3.63; -1.42; -7.98;
31; 0.46; -5.52; -13.25;
5; 31.00;
0; 09; 07:10:00; 26.03.2008; 3GC9,5;
1; 86.21; 47.45; 19.24; 0.9050; 0.4082; -0.0490;
2; 30.35; 16.41; 7.02; -0.0093; -0.6745; -1.4006; -0.9236; -1.6075; -2.3944; 379.466; 335.479; 198.831; 0.1394; 0.0250; -0.0019; 30.31; 7.98; -0.68;
21; -1.6391; -2.1548; -2.7125; 393.534; 365.990; 204.053; 0.1461; 0.0264; -0.0019; 37.24; 8.78; -0.72;
3; 3.63; -1.31; -12.20;
31; 0.46; -5.47; -13.25;
5; 46.00;
0; 09; 07:20:00; 26.03.2008; 3GC9,5;
1; 101.10; 56.83; 26.68; 0.8255; 0.3989; -0.0888;
2; 37.60; 24.41; 11.04; 0.3485; -0.2471; -0.9634; -0.4068; -1.0925; -1.7186; 393.936; 364.192; 203.602; 0.1495; 0.0243; 0.0015; 31.22; 8.38; 0.51;
21; -1.0826; -1.6568; -2.3944; 402.735; 376.336; 162.258; 0.2235; 0.0495; -0.0019; 65.64; 17.36; -0.75;
3; 4.68; -1.10; -7.98;
31; 102.79; -5.22; -20.64;
5; 47.00;
0; 09; 07:30:00; 26.03.2008; 3GC9,5;
1; 115.31; 42.92; 22.62; 0.7858; 0.3255; -0.2081;
2; 45.24; 19.60; 8.22; 0.3087; -0.1947; -0.7248; -0.2478; -0.7017; -1.2814; 397.911; 348.090; 203.761; 0.0957; 0.0228; -0.0086; 23.00; 7.80; -2.98;
21; -0.7248; -1.2289; -1.7982; 408.661; 346.226; 181.752; 0.3244; 0.0732; -0.0019; 99.86; 22.92; -0.71;
3; 5.74; -1.09; -9.03;
31; 218.84; -3.49; -23.80;
5; 47.00;
0; 09; 07:40:00; 26.03.2008; 3GC9,5;
1; 129.51; 77.18; 23.97; 1.3025; 0.6488; -0.1683;
2; 51.68; 31.13; 11.84; 0.7062; 0.1479; -0.4863; 0.1895; -0.3794; -0.9236; 403.477; 364.150; 201.376; 0.1528; 0.0306; -0.0019; 39.59; 10.27; -0.75;
21; -0.4068; -0.9212; -1.5596; 416.147; 384.324; 190.953; 0.3244; 0.0609; -0.0053; 92.85; 21.25; -2.15;
3; 6.79; -0.96; -10.09;
31; 134.44; 1.19; -19.58;
5; 46.00;
0; 09; 07:50:00; 26.03.2008; 3GC9,5;
1; 150.48; 120.31; 27.36; 1.7796; 1.1425; 0.3087;
2; 66.56; 51.07; 13.86; 0.9050; 0.4052; -0.0888; 0.7062; 0.0959; -0.5658; 410.314; 380.416; 201.694; 0.2235; 0.0633; -0.0053; 66.29; 23.04; -2.14;
21; 0.1895; -0.4372; -1.4404; 418.330; 351.785; 194.696; 0.4488; 0.2772; 0.0015; 145.28; 92.15; 0.56;
3; 73.26; -0.67; -9.03;
31; 185.08; 53.19; -19.58;
5; 46.00;
0; 09; 08:00:00; 26.03.2008; 3GC9,5;
1; 164.69; 153.22; 138.31; 2.3758; 1.7275; 1.0243;
2; 78.23; 69.02; 59.32; 1.1435; 0.6659; -0.0888; 0.8653; 0.4380; -0.0888; 415.561; 399.731; 171.323; 0.3816; 0.0703; -0.0053; 102.30; 27.09; -2.17;
21; 0.5472; -0.0036; -0.6056; 363.591; 336.016; 240.234; 0.5195; 0.4648; 0.3883; 181.51; 156.24; 123.40;
3; 209.35; -0.09; -12.20;
31; 138.66; 118.89; 62.71;
5; 47.00;
0; 09; 08:10:00; 26.03.2008; 3GC9,5;
1; 182.96; 169.12; 157.25; 2.3361; 1.8460; 1.2230;
2; 95.94; 84.28; 71.80; 1.3423; 0.8868; 0.3485; 1.0640; 0.6030; -0.0093; 419.219; 398.872; 176.729; 0.5027; 0.0906; 0.0015; 146.22; 34.22; 0.62;
21; 0.7858; 0.1999; -0.4466; 372.169; 352.247; 327.567; 0.6137; 0.5428; 0.4791; 216.71; 191.27; 167.33;
3; 301.13; 5.55; -12.20;
31; 175.59; 151.96; 118.62;
5; 46.00;
0; 09; 08:20:00; 26.03.2008; 3GC9,5;
1; 203.93; 188.41; 172.13; 2.3758; 1.8445; 1.2230;
2; 120.48; 104.39; 91.51; 1.5808; 1.0942; 0.5075; 1.4218; 0.8232; 0.1100; 326.834; 326.036; 324.767; 0.2739; 0.2458; 0.2067; 89.36; 80.15; 67.38;
21; 1.0243; 0.5327; -0.0093; 379.031; 358.397; 338.483; 0.7549; 0.6540; 0.5666; 265.24; 234.33; 209.44;
3; 71.15; 59.64; 46.88;
31; 223.06; 192.96; 152.38;
5; 31.00;
0; 09; 08:30:00; 26.03.2008; 3GC9,5;
1; 234.37; 216.35; 195.81; 2.7734; 2.1484; 1.4615;
2; 159.51; 137.59; 113.24; 1.8988; 1.3000; 0.8255; 1.5410; 1.1151; 0.5472; 327.152; 326.141; 325.085; 0.3378; 0.2987; 0.2537; 110.36; 97.42; 82.77;
21; 1.3423; 0.8699; 0.2690; 444.686; 360.159; 190.173; 1.0509; 0.8143; 0.0149; 371.91; 293.11; 3.48;
3; 93.30; 79.14; 64.82;
31; 283.19; 249.10; -17.47;
5; 46.00;
0; 09; 08:40:00; 26.03.2008; 3GC9,5;
1; 302.02; 252.40; 220.17; 3.1709; 2.5440; 1.9386;
2; 222.27; 180.47; 153.47; 2.2168; 1.6348; 1.0243; 1.5808; 1.1184; 0.4677; 366.427; 292.477; 229.520; 0.9803; 0.5385; 0.3109; 235.91; 148.10; 101.33;
21; 1.5013; 0.8369; 0.2690; 384.645; 363.017; 344.721; 1.2595; 1.0335; 0.8222; 459.39; 375.16; 314.21;
3; 231.50; 138.07; 76.42;
31; 406.62; 326.85; 255.76;
5; 31.00;
0; 09; 08:50:00; 26.03.2008; 3GC9,5;
1; 328.41; 277.14; 162.66; 3.3697; 2.8761; 2.3758;
2; 268.55; 227.00; 145.43; 2.3361; 1.7934; 1.0243; 1.6603; 1.1876; 0.3087; 254.803; 238.657; 224.750; 1.1552; 0.9205; 0.4018; 269.55; 219.59; 102.30;
21; 1.3423; 0.8681; 0.2690; 386.204; 365.145; 344.565; 1.4512; 1.2325; 0.7852; 529.52; 450.07; 286.72;
3; 271.59; 221.89; 86.97;
31; 467.81; 398.07; 243.10;
5; 46.00;
0; 09; 09:00:00; 26.03.2008; 3GC9,5;
1; 329.76; 262.93; 168.75; 3.0516; 2.4074; 1.8988;
2; 431.90; 301.27; 161.12; 3.9659; 2.3909; 1.1435; 1.6206; 1.1016; 0.6267; 253.531; 238.406; 224.750; 1.3537; 0.9878; 0.4623; 321.44; 235.37; 116.62;
21; 1.3025; 0.7141; 0.1895; 379.654; 356.889; 334.740; 1.7640; 1.3718; 0.8659; 628.63; 489.22; 312.28;
3; 325.39; 239.42; 108.07;
31; 566.98; 435.33; 267.37;
5; 47.00;
0; 09; 09:10:00; 26.03.2008; 3GC9,5;
1; 343.97; 311.16; 253.99; 2.9324; 2.4087; 1.8591;
2; 608.93; 491.76; 376.38; 8.1399; 5.3377; 3.0914; 1.7796; 1.3060; 0.8255; 439.731; 243.134; 224.750; 1.6329; 1.3019; 0.0250; 657.52; 314.20; 10.99;
21; 1.5808; 1.0489; 0.3485; 457.006; 358.680; 266.901; 2.2181; 1.8069; 0.0149; 808.29; 646.97; 6.82;
3; 418.23; 328.26; -10.09;
31; 691.47; 584.28; -19.58;
5; 47.00;
0; 09; 09:20:00; 26.03.2008; 3GC9,5;
1; 352.76; 341.97; 328.41; 3.2504; 2.6810; 2.0578;
2; 664.86; 640.54; 596.46; 13.0692; 10.3974; 7.3449; 2.0181; 1.5985; 0.9448; 268.160; 247.912; 227.771; 1.9759; 1.5101; 0.8693; 481.48; 373.33; 232.41;
21; 1.1833; 0.7292; 0.0305; 373.572; 348.443; 324.136; 2.7395; 2.3420; 1.9692; 922.15; 815.31; 732.27;
3; 503.68; 394.37; 236.77;
31; 813.84; 742.49; 658.76;
5; 31.00;
0; 09; 09:30:00; 26.03.2008; 3GC9,5;
1; 356.82; 345.76; 335.85; 3.5287; 2.9570; 2.3361;
2; 695.44; 677.36; 660.44; 14.7388; 12.5546; 11.0021; 5.3970; 2.4425; 0.8653; 250.828; 233.462; 219.185; 3.1700; 2.5342; 1.6799; 741.92; 591.12; 398.40;
21; 1.3025; 0.8644; 0.3485; 354.702; 332.794; 311.504; 3.1431; 2.8009; 2.4771; 994.96; 931.62; 875.65;
3; 807.51; 638.84; 421.39;
31; 903.51; 851.02; 792.74;
5; 31.00;
0; 09; 09:40:00; 26.03.2008; 3GC9,5;
1; 360.88; 352.28; 339.91; 3.5684; 3.0636; 2.5349;
2; 730.44; 708.89; 681.76; 14.2618; 12.6143; 11.0021; 12.9102; 9.3932; 4.8405; 245.421; 229.412; 216.641; 4.4516; 3.6678; 2.6487; 991.68; 840.43; 645.83;
21; 2.9721; 1.4743; 0.3485; 463.089; 328.535; 269.397; 3.8966; 3.3055; 0.0183; 1295.94; 1084.57; 6.59;
3; 1079.69; 913.89; 704.13;
31; 1121.89; 992.59; -16.42;
5; 31.00;
0; 09; 09:50:00; 26.03.2008; 3GC9,5;
1; 421.09; 363.72; 124.78; 3.6877; 3.2545; 2.7734;
2; 821.38; 743.98; 160.71; 16.8060; 14.7989; 12.6717; 17.8793; 15.1257; 12.3537; 446.886; 252.452; 213.142; 5.3060; 4.2357; 0.0250; 2042.79; 1058.29; 11.17;
21; 15.1761; 8.1646; 2.6144; 347.528; 327.541; 311.660; 4.9393; 4.1297; 1.3200; 1681.90; 1352.32; 426.84;
3; 1495.35; 1149.53; -7.98;
31; 1466.87; 1239.40; 380.25;
5; 31.00;
0; 09; 10:00:00; 26.03.2008; 3GC9,5;
1; 422.45; 336.71; 80.80; 4.0852; 3.5970; 2.7336;
2; 856.78; 689.67; 126.11; 19.8271; 16.4778; 13.3475; 20.2644; 18.8690; 17.5215; 294.873; 275.277; 251.146; 6.0695; 4.6687; 0.8659; 1702.94; 1290.41; 236.62;
21; 21.4967; 18.7685; 14.7388; 350.803; 328.766; 308.073; 5.4809; 4.3234; 1.0005; 1822.70; 1423.10; 329.44;
3; 1843.49; 1396.96; 243.10;
31; 1628.28; 1301.28; 282.14;
5; 47.00;
0; 09; 10:10:00; 26.03.2008; 3GC9,5;
1; 433.95; 385.40; 111.92; 4.0454; 3.5565; 3.0516;
2; 911.50; 819.52; 156.29; 19.3501; 16.4088; 13.6655; 22.4110; 20.5846; 19.2308; 308.230; 290.190; 272.612; 6.9979; 6.0054; 1.1451; 2055.70; 1745.05; 320.37;
21; 27.2211; 24.0616; 20.9799; 462.465; 328.042; 280.469; 7.2569; 5.7154; 0.0183; 3041.36; 1873.14; 8.28;
3; 2146.26; 1884.49; 334.89;
31; 1977.47; 1712.23; -15.36;
5; 47.00;
0; 09; 10:20:00; 26.03.2008; 3GC9,5;
1; 584.13; 372.68; 107.86; 4.4430; 3.8611; 3.2106;
2; 1074.86; 699.33; 150.25; 20.3837; 16.8785; 12.5524; 22.9676; 21.5182; 20.0259; 449.112; 308.620; 261.481; 7.1728; 4.8436; 0.0217; 3215.69; 1507.54; 9.73;
21; 27.4596; 25.2470; 22.7291; 347.684; 322.912; 299.963; 7.9902; 5.3150; 1.4209; 2616.77; 1727.59; 447.95;
3; 2541.88; 1621.43; -7.98;
31; 2375.19; 1573.36; 397.13;
5; 46.00;
0; 09; 10:30:00; 26.03.2008; 3GC9,5;
1; 889.92; 459.46; 200.55; 4.3237; 3.8271; 3.4094;
2; 1113.08; 592.64; 200.55; 17.3625; 14.0501; 10.2866; 22.7688; 20.7297; 19.1116; 386.940; 356.439; 327.152; 7.3107; 3.9964; 1.3839; 2753.48; 1449.41; 474.54;
21; 26.2273; 23.3344; 20.1451; 351.739; 323.173; 298.872; 8.5082; 4.9147; 1.9659; 2808.44; 1601.42; 637.65;
3; 2880.52; 1551.11; 499.46;
31; 2541.88; 1457.22; 572.25;
5; 46.00;
0; 09; 10:40:00; 26.03.2008; 3GC9,5;
1; 952.16; 433.69; 230.31; 4.2840; 3.8006; 3.2901;
2; 1085.32; 472.75; 237.16; 13.9438; 12.4258; 10.5251; 20.5029; 18.3475; 16.8457; 400.614; 361.520; 334.148; 7.1896; 3.3730; 1.6732; 2758.95; 1241.98; 616.04;
21; 22.8881; 20.2941; 18.3165; 349.244; 322.964; 301.367; 8.6360; 4.0994; 2.3829; 2861.65; 1335.81; 781.59;
3; 2879.47; 1330.27; 657.71;
31; 2500.73; 1214.10; 695.69;
5; 31.00;
0; 09; 10:50:00; 26.03.2008; 3GC9,5;
1; 1010.34; 721.39; 245.20; 4.6417; 4.1449; 3.5287;
2; 1150.50; 809.33; 240.78; 20.7414; 17.0915; 12.9102; 22.0533; 19.9716; 17.0445; 403.636; 384.095; 349.254; 7.1257; 5.2163; 1.6665; 2778.44; 2029.58; 637.36;
21; 28.4534; 25.0769; 19.9066; 459.969; 337.657; 279.222; 8.7638; 6.0905; 0.0149; 3540.81; 2060.81; 6.86;
3; 2874.19; 2156.91; 686.19;
31; 2590.41; 1867.11; -12.20;
5; 31.00;
0; 09; 11:00:00; 26.03.2008; 3GC9,5;
1; 1033.34; 713.39; 344.65; 4.8405; 4.3877; 3.8467;
2; 1180.27; 788.99; 340.97; 22.2918; 18.2772; 13.5860; 24.9154; 22.8118; 21.0992; 445.614; 383.221; 353.707; 6.9340; 4.9788; 0.0217; 2985.62; 1925.82; 9.65;
21; 31.9914; 28.6496; 25.0744; 349.556; 327.852; 304.486; 9.1338; 6.2682; 3.2407; 2994.78; 2065.81; 1020.60;
3; 2873.14; 2047.82; -2.70;
31; 2628.38; 1874.39; 935.16;
5; 47.00;
0; 09; 11:10:00; 26.03.2008; 3GC9,5;
1; 1087.47; 713.82; 302.02; 4.8802; 4.3823; 3.8467;
2; 1255.51; 805.88; 299.12; 22.0930; 18.4977; 14.9376; 26.1478; 24.0885; 22.6893; 401.887; 379.476; 349.572; 7.0416; 5.1903; 1.8750; 2763.37; 1989.17; 722.54;
21; 32.2696; 29.5269; 26.7838; 341.446; 318.048; 303.082; 9.8873; 6.7611; 3.1869; 3163.19; 2161.65; 977.31;
3; 2865.75; 2106.93; 771.64;
31; 2766.58; 1959.61; 895.07;
5; 46.00;
0; 09; 11:20:00; 26.03.2008; 3GC9,5;
1; 1108.44; 571.94; 285.11; 5.2778; 4.6654; 4.0454;
2; 1270.00; 616.52; 282.23; 23.7229; 18.3320; 12.4332; 27.2211; 25.2303; 22.4110; 404.590; 373.049; 342.735; 7.1223; 3.9455; 1.8784; 2774.04; 1495.96; 730.11;
21; 34.5753; 30.2863; 24.4782; 435.485; 307.980; 254.425; 10.0655; 5.5577; 0.0217; 3184.12; 1719.70; 7.35;
3; 2866.81; 1584.81; 785.36;
31; 2799.29; 1553.04; -29.08;
5; 31.00;
0; 09; 11:30:00; 26.03.2008; 3GC9,5;
1; 1118.59; 338.48; 187.69; 5.0393; 4.4893; 3.8069;
2; 1279.66; 362.93; 213.83; 16.4084; 13.0620; 10.4058; 23.3651; 21.1833; 18.1178; 420.968; 360.295; 247.806; 7.1392; 2.6135; 0.0217; 2766.37; 953.12; 9.09;
21; 26.6645; 22.9504; 18.3165; 352.675; 320.500; 301.367; 9.5139; 3.3999; 2.0533; 3186.17; 1097.19; 686.85;
3; 2866.81; 1016.14; -7.98;
31; 2796.12; 998.94; 614.45;
5; 31.00;
0; 09; 11:40:00; 26.03.2008; 3GC9,5;
1; 1082.05; 378.50; 276.99; 5.0790; 4.4388; 3.8069;
2; 1286.09; 411.18; 288.66; 14.5798; 12.3210; 10.2071; 18.6346; 17.6477; 16.4084; 415.402; 363.080; 338.442; 7.1223; 3.0420; 2.0836; 2841.65; 1114.15; 787.34;
21; 19.3899; 18.3852; 17.3625; 354.702; 331.472; 305.733; 8.5485; 3.6042; 2.5915; 2994.86; 1196.21; 896.47;
3; 2888.96; 1197.90; 839.16;
31; 2702.23; 1090.13; 806.46;
5; 47.00;
0; 09; 11:50:00; 26.03.2008; 3GC9,5;
1; 1096.26; 537.40; 257.37; 5.1983; 4.4528; 3.8467;
2; 1304.60; 593.53; 254.87; 23.6831; 14.6513; 9.5710; 21.2185; 17.1900; 14.8581; 415.243; 376.000; 345.120; 7.0113; 3.7746; 1.8279; 2763.09; 1457.43; 690.74;
21; 26.9030; 19.5402; 15.2556; 355.482; 327.857; 298.716; 9.4164; 4.9701; 2.5175; 3181.41; 1642.68; 823.92;
3; 2897.40; 1554.85; 731.55;
31; 2796.12; 1490.14; 750.54;
5; 31.00;
0; 09; 12:00:00; 26.03.2008; 3GC9,5;
1; 1103.70; 625.12; 243.84; 5.4368; 4.9945; 4.3237;
2; 1290.92; 711.23; 256.88; 24.3987; 20.2596; 15.7326; 24.9552; 22.8137; 20.0259; 422.240; 379.979; 350.049; 7.1795; 4.4591; 0.0250; 2759.87; 1716.28; 10.56;
21; 31.3951; 28.1222; 24.7564; 464.180; 307.382; 274.231; 10.3582; 6.2263; 0.0217; 3804.28; 1930.84; 10.05;
3; 2917.44; 1829.31; -4.81;
31; 2904.78; 1750.41; -9.03;
5; 31.00;
0; 09; 12:10:00; 26.03.2008; 3GC9,5;
1; 1104.38; 482.93; 234.37; 5.5958; 5.1250; 4.4827;
2; 1309.03; 537.19; 244.40; 19.6284; 16.8475; 13.5463; 24.3987; 23.3373; 21.9340; 402.364; 363.936; 246.216; 7.3040; 3.6638; 1.7069; 2841.40; 1358.21; 642.85;
21; 30.6795; 28.1234; 25.0347; 328.658; 306.974; 278.130; 9.8974; 4.9905; 2.5679; 3186.48; 1549.02; 783.11;
3; 2930.10; 1453.24; 681.97;
31; 2877.36; 1409.71; 715.73;
5; 47.00;
0; 09; 12:20:00; 26.03.2008; 3GC9,5;
1; 1140.91; 497.82; 201.22; 5.3970; 4.9587; 4.3237;
2; 1318.68; 554.41; 200.55; 20.8607; 13.2475; 9.7300; 22.2520; 19.9182; 17.8395; 413.653; 369.708; 336.057; 7.3914; 3.5483; 1.4445; 2887.59; 1349.20; 538.78;
21; 27.2608; 22.4214; 18.6743; 342.538; 316.387; 289.203; 9.6888; 4.7186; 2.1239; 3245.53; 1519.36; 656.98;
3; 2942.76; 1436.30; 561.70;
31; 2926.94; 1377.07; 595.46;
5; 47.00;
0; 09; 12:30:00; 26.03.2008; 3GC9,5;
1; 713.35; 270.58; 169.43; 5.6355; 5.1896; 4.5225;
2; 880.92; 272.63; 168.36; 19.2706; 13.4400; 10.0083; 22.2918; 19.6140; 16.8855; 371.198; 351.400; 328.901; 6.6683; 2.1074; 1.2359; 2414.80; 739.68; 448.26;
21; 27.2608; 22.0573; 17.0047; 428.623; 318.550; 250.215; 7.5798; 2.7150; 0.0116; 2429.70; 858.86; 3.19;
3; 2565.09; 790.92; 473.09;
31; 2221.17; 779.43; -17.47;
5; 31.00;
0; 09; 12:40:00; 26.03.2008; 3GC9,5;
1; 933.22; 691.42; 239.78; 5.7945; 5.2686; 4.6815;
2; 1122.34; 816.78; 249.63; 25.7105; 17.2699; 10.2468; 24.2794; 18.9905; 15.9314; 452.929; 377.866; 334.785; 7.2838; 5.3801; 0.0183; 3156.38; 2065.24; 8.27;
21; 32.6274; 22.5283; 16.2097; 354.234; 331.191; 311.971; 8.8445; 6.5333; 2.4670; 2941.97; 2171.02; 806.20;
3; 2953.31; 2197.46; -7.98;
31; 2590.41; 1965.78; 717.84;
5; 31.00;
0; 09; 12:50:00; 26.03.2008; 3GC9,5;
1; 1082.05; 954.75; 651.11; 7.1064; 6.0764; 5.1983;
2; 1249.48; 1102.69; 545.77; 33.3429; 28.9151; 24.8359; 33.6212; 28.5264; 23.9614; 395.844; 376.631; 357.046; 7.4755; 6.9327; 3.7822; 2806.11; 2611.22; 1350.43;
21; 43.5593; 37.8326; 32.3094; 339.107; 318.929; 294.349; 9.9209; 8.6918; 4.3171; 3119.80; 2771.05; 1291.59;
3; 2911.11; 2763.23; 1452.10;
31; 2725.44; 2501.44; 1173.59;
5; 47.00;
0; 09; 13:00:00; 26.03.2008; 3GC9,5;
1; 1017.11; 493.26; 204.61; 6.9871; 6.3627; 5.5560;
2; 1199.59; 552.51; 211.81; 30.7590; 19.8226; 11.7176; 34.1777; 31.1332; 25.1539; 385.350; 356.586; 331.445; 7.3746; 3.6841; 1.4781; 2793.85; 1339.36; 539.17;
21; 43.4003; 36.1683; 25.9490; 324.915; 300.904; 273.763; 9.7830; 4.8629; 2.1811; 2962.61; 1478.46; 651.33;
3; 2888.96; 1415.49; 557.48;
31; 2663.20; 1331.25; 592.30;
5; 31.00;
0; 09; 13:10:00; 26.03.2008; 3GC9,5;
1; 1145.65; 547.32; 228.28; 6.3908; 5.7701; 4.9995;
2; 1318.68; 600.90; 228.31; 18.8731; 14.0766; 9.7698; 25.3925; 22.9147; 21.5365; 436.074; 363.416; 251.146; 9.0228; 4.2002; 0.0217; 3531.46; 1551.10; 9.44;
21; 27.5788; 24.8185; 22.3315; 434.237; 321.330; 254.425; 9.8536; 5.3166; 0.0183; 3278.26; 1721.08; 6.24;
3; 2903.73; 1646.85; -7.98;
31; 2894.24; 1561.81; -17.47;
5; 31.00;
0; 09; 13:20:00; 26.03.2008; 3GC9,5;
1; 969.07; 353.03; 159.28; 6.1126; 5.6122; 5.0393;
2; 1179.47; 402.53; 188.07; 19.7874; 15.9091; 11.8767; 23.1266; 21.7397; 19.1116; 398.070; 273.989; 247.011; 9.1271; 3.1594; 1.5387; 3598.39; 904.87; 395.82;
21; 28.3341; 25.2620; 20.4234; 345.501; 322.325; 295.597; 8.7739; 3.7599; 1.6732; 2927.40; 1212.47; 576.01;
3; 2902.68; 965.86; 421.39;
31; 2639.99; 1100.28; 499.46;
5; 31.00;
0; 09; 13:30:00; 26.03.2008; 3GC9,5;
1; 1024.55; 493.96; 159.96; 6.1523; 5.6664; 5.0393;
2; 1238.62; 586.65; 186.87; 22.3713; 13.9730; 9.7300; 22.4110; 18.5883; 16.6867; 413.017; 316.430; 257.824; 9.1473; 3.9319; 1.5454; 3748.89; 1374.65; 416.62;
21; 29.6857; 21.2665; 17.6805; 362.188; 332.633; 309.632; 9.0901; 4.7554; 1.8313; 3130.71; 1598.72; 597.02;
3; 2890.02; 1461.39; 442.49;
31; 2737.05; 1444.58; 524.78;
5; 46.00;
0; 09; 13:40:00; 26.03.2008; 3GC9,5;
1; 1058.38; 718.58; 227.61; 7.1064; 6.3768; 5.4765;
2; 1257.12; 847.77; 223.08; 29.2087; 22.9129; 18.1178; 27.6186; 25.2052; 21.9340; 394.254; 344.403; 265.933; 8.9387; 5.5960; 1.8111; 3297.28; 2013.54; 488.79;
21; 37.3579; 33.4814; 29.3279; 443.595; 306.729; 256.609; 10.9031; 6.9974; 0.0217; 3272.89; 2183.81; 9.58;
3; 2890.02; 2134.02; 514.23;
31; 2895.29; 1973.76; -25.91;
5; 46.00;
0; 09; 13:50:00; 26.03.2008; 3GC9,5;
1; 984.63; 430.05; 249.26; 7.1461; 6.6314; 6.0331;
2; 1152.91; 460.22; 235.55; 19.5091; 15.4172; 11.4791; 26.1875; 23.1001; 20.7812; 417.787; 345.000; 242.559; 7.2064; 3.2948; 0.0250; 2780.59; 1179.44; 10.44;
21; 33.2237; 27.2445; 22.6098; 323.668; 285.587; 258.636; 10.1597; 4.5872; 2.5646; 3120.72; 1340.12; 714.41;
3; 2890.02; 1254.79; -9.03;
31; 2721.22; 1215.82; 650.32;
5; 47.00;
0; 09; 14:00:00; 26.03.2008; 3GC9,5;
1; 979.90; 651.62; 316.23; 7.5437; 6.8968; 6.1126;
2; 1147.68; 750.72; 322.06; 26.4260; 22.0066; 15.9712; 27.2211; 25.4586; 22.4508; 396.639; 371.606; 340.032; 7.1425; 5.0349; 2.0903; 2783.64; 1891.94; 789.88;
21; 35.2113; 32.2710; 27.9366; 312.127; 294.301; 270.176; 9.7830; 6.9870; 3.3113; 2992.48; 2073.20; 978.11;
3; 2885.80; 2006.86; 847.60;
31; 2701.18; 1872.89; 881.36;
5; 47.00;
0; 09; 14:10:00; 26.03.2008; 3GC9,5;
1; 445.45; 328.70; 260.08; 7.4641; 6.8237; 6.2318;
2; 503.92; 341.98; 273.78; 16.0904; 13.7263; 12.4729; 24.7564; 21.7265; 19.2308; 379.943; 356.660; 336.057; 3.9807; 2.6359; 1.9928; 1430.15; 940.34; 736.54;
21; 28.2149; 23.7562; 20.7017; 443.906; 295.952; 259.260; 5.4876; 3.5197; 0.0217; 1596.44; 1038.92; 9.61;
3; 1540.71; 1005.81; 775.86;
31; 1448.93; 949.68; -29.08;
5; 46.00;
0; 09; 14:20:00; 26.03.2008; 3GC9,5;
1; 873.68; 723.83; 280.38; 6.9474; 6.5252; 5.9536;
2; 1046.29; 854.02; 289.06; 22.0135; 17.7635; 12.9897; 24.9949; 21.4029; 18.6743; 443.229; 369.160; 276.110; 8.0440; 6.1276; 0.0217; 3013.71; 2267.33; 9.59;
21; 32.7466; 26.0690; 19.7079; 323.356; 302.410; 272.204; 9.5072; 7.7517; 3.1330; 2928.90; 2358.73; 907.76;
3; 2878.41; 2403.07; -7.98;
31; 2552.43; 2133.86; 827.56;
5; 47.00;
0; 09; 14:30:00; 26.03.2008; 3GC9,5;
1; 854.74; 816.27; 429.89; 7.9809; 7.0546; 6.1523;
2; 1002.84; 965.76; 442.36; 27.3403; 24.3163; 20.3837; 29.9242; 27.4245; 24.4782; 371.198; 350.644; 330.968; 7.7917; 7.3096; 3.4761; 2853.86; 2564.36; 1151.04;
21; 37.1989; 35.1661; 32.3491; 315.246; 298.302; 281.717; 9.3962; 8.7646; 5.3430; 2806.74; 2615.19; 1505.20;
3; 2828.83; 2716.96; 1236.88;
31; 2430.05; 2359.06; 1372.97;
5; 31.00;
0; 09; 14:40:00; 26.03.2008; 3GC9,5;
1; 808.74; 612.37; 257.37; 8.1797; 7.7383; 7.2256;
2; 972.66; 709.94; 262.91; 25.7900; 22.3834; 19.9464; 30.0832; 28.7397; 27.5391; 363.883; 338.508; 312.523; 7.4453; 5.5556; 2.0533; 2707.98; 1888.99; 672.40;
21; 36.6026; 33.9009; 32.4684; 310.724; 288.807; 266.278; 8.8849; 6.9256; 2.9346; 2633.59; 2008.29; 827.64;
3; 2741.27; 2012.91; 709.40;
31; 2377.30; 1818.22; 746.32;
5; 46.00;
0; 09; 14:50:00; 26.03.2008; 3GC9,5;
1; 862.86; 691.96; 228.28; 8.2989; 7.8217; 7.3449;
2; 1011.69; 803.57; 220.26; 26.5055; 24.4843; 20.4632; 31.1963; 29.6132; 27.8571; 367.540; 344.883; 309.820; 7.6706; 6.1577; 1.7069; 2681.08; 2137.78; 565.73;
21; 38.6697; 36.2906; 33.3827; 446.246; 295.354; 267.525; 9.4870; 7.4283; 0.0116; 3401.15; 2201.21; 4.15;
3; 2835.16; 2268.13; 593.35;
31; 2427.94; 1987.38; -26.97;
5; 46.00;
0; 09; 15:00:00; 26.03.2008; 3GC9,5;
1; 859.48; 788.00; 243.17; 8.7760; 8.0249; 7.5039;
2; 1000.42; 916.39; 241.19; 28.0161; 23.9728; 19.7874; 32.3491; 30.2754; 28.4931; 436.551; 357.420; 253.849; 7.5361; 6.6366; 0.0317; 3044.26; 2379.43; 13.51;
21; 40.0611; 36.7283; 33.1442; 304.954; 291.406; 277.818; 9.3760; 8.4843; 2.6823; 2758.72; 2475.31; 749.38;
3; 2800.34; 2521.11; -6.92;
31; 2405.79; 2234.84; 670.37;
5; 46.00;
0; 09; 15:10:00; 26.03.2008; 3GC9,5;
1; 757.32; 584.23; 149.81; 8.8157; 8.0898; 7.2654;
2; 880.92; 684.38; 141.00; 25.2732; 20.5550; 13.6655; 32.0709; 30.1915; 25.7105; 365.314; 343.392; 316.816; 6.7994; 5.2194; 1.0375; 2348.97; 1806.29; 344.03;
21; 38.6300; 35.2993; 28.3739; 309.632; 291.093; 267.369; 8.6192; 6.5332; 1.6766; 2500.31; 1913.75; 473.63;
3; 2458.53; 1919.25; 340.16;
31; 2176.86; 1729.34; 407.68;
5; 46.00;
0; 09; 15:20:00; 26.03.2008; 3GC9,5;
1; 712.00; 638.46; 186.34; 8.2989; 7.6834; 7.1859;
2; 842.30; 769.29; 208.19; 23.3651; 19.1236; 15.1761; 26.7043; 25.8977; 24.9154; 365.950; 348.342; 323.495; 6.6884; 5.9976; 1.5925; 2353.44; 2091.56; 564.29;
21; 32.5081; 30.5358; 28.8509; 436.109; 290.531; 253.334; 8.2122; 7.4676; 0.0015; 2418.54; 2161.47; 0.51;
3; 2435.32; 2226.70; 594.41;
31; 2120.94; 1957.88; -28.02;
5; 31.00;
0; 09; 15:30:00; 26.03.2008; 3GC9,5;
1; 632.17; 518.53; 123.42; 7.9412; 7.5650; 7.0269;
2; 783.56; 631.50; 126.92; 19.3899; 17.7086; 13.6655; 25.8297; 24.8430; 22.4508; 436.392; 349.846; 263.230; 6.2915; 4.8876; 0.0250; 2311.91; 1715.08; 10.91;
21; 30.9578; 29.6534; 24.8359; 289.982; 275.871; 257.077; 7.9464; 6.4017; 1.5218; 2204.87; 1765.69; 419.71;
3; 2270.75; 1824.61; -10.09;
31; 1957.43; 1598.00; 359.15;
5; 47.00;
0; 09; 15:40:00; 26.03.2008; 3GC9,5;
1; 659.90; 587.12; 134.92; 8.2592; 7.7070; 6.9871;
2; 808.50; 720.04; 141.00; 22.3713; 18.9454; 13.5065; 25.1937; 23.4389; 21.6955; 373.106; 353.745; 325.085; 6.4294; 5.5789; 1.0274; 2304.68; 1978.13; 358.66;
21; 31.1566; 28.2982; 24.6372; 311.504; 294.341; 276.103; 7.8220; 6.8398; 1.7270; 2308.61; 2017.33; 483.84;
3; 2384.69; 2107.08; 366.54;
31; 2029.16; 1839.25; 416.12;
5; 31.00;
0; 09; 15:50:00; 26.03.2008; 3GC9,5;
1; 593.61; 335.14; 101.77; 8.4977; 7.9236; 7.2654;
2; 734.87; 400.97; 112.03; 21.4967; 17.1472; 11.8369; 25.4322; 23.5194; 19.9066; 375.650; 352.056; 326.198; 5.6390; 3.0420; 0.7146; 2029.51; 1083.07; 259.68;
21; 31.5143; 27.0935; 20.7017; 320.393; 298.084; 277.506; 6.9710; 3.8577; 1.3200; 2103.00; 1154.46; 386.90;
3; 2137.82; 1145.26; 250.49;
31; 1864.59; 1043.76; 325.39;
5; 47.00;
0; 09; 16:00:00; 26.03.2008; 3GC9,5;
1; 550.31; 339.99; 69.30; 8.1399; 7.6523; 7.1461;
2; 679.75; 417.55; 83.87; 17.8793; 14.3056; 11.1611; 20.4632; 19.3904; 18.3960; 399.660; 351.438; 202.489; 5.4641; 3.2637; 0.0250; 1983.43; 1155.46; 9.98;
21; 23.4843; 21.1367; 19.1911; 425.036; 263.557; 239.922; 7.0214; 4.3385; 0.0183; 1832.89; 1123.25; 7.24;
3; 2046.04; 1226.12; -13.25;
31; 1634.61; 1020.94; -17.47;
5; 31.00;
0; 09; 16:10:00; 26.03.2008; 3GC9,5;
1; 483.33; 175.31; 69.30; 7.8617; 7.2859; 6.6691;
2; 599.28; 212.60; 81.85; 13.7053; 10.8463; 8.0207; 18.5153; 16.3685; 13.3077; 365.314; 345.533; 234.291; 4.8283; 1.6497; 0.5901; 1685.47; 574.62; 158.07;
21; 20.2644; 17.5780; 13.6258; 288.267; 271.623; 255.673; 6.0056; 2.2662; 1.0207; 1677.76; 614.27; 268.76;
3; 1804.45; 597.81; 88.02;
31; 1504.84; 548.04; 215.68;
5; 47.00;
0; 09; 16:20:00; 26.03.2008; 3GC9,5;
1; 482.66; 368.39; 75.39; 7.7027; 7.1997; 6.5101;
2; 591.63; 454.50; 87.89; 17.1240; 12.9265; 7.6629; 16.6469; 14.1618; 12.3139; 384.555; 361.675; 332.399; 4.7745; 3.5673; 0.6305; 1771.21; 1299.32; 225.97;
21; 21.3377; 16.6873; 12.3139; 312.595; 291.808; 265.342; 5.7298; 4.3659; 1.0274; 1705.03; 1283.83; 283.32;
3; 1841.38; 1392.70; 215.68;
31; 1504.84; 1170.90; 235.72;
5; 31.00;
0; 09; 16:30:00; 26.03.2008; 3GC9,5;
1; 450.18; 429.90; 314.88; 8.0604; 7.5601; 6.9871;
2; 543.35; 521.27; 391.26; 17.3625; 16.4442; 15.3351; 19.1911; 17.7321; 16.0904; 383.918; 364.642; 345.597; 4.3271; 4.0599; 3.1095; 1605.08; 1480.42; 1126.55;
21; 25.2732; 23.3588; 20.9799; 445.622; 309.635; 263.315; 5.3598; 4.7509; 0.0149; 1581.60; 1468.28; 6.39;
3; 1651.48; 1585.55; 1207.34;
31; 1397.24; 1343.39; -15.36;
5; 31.00;
0; 09; 16:40:00; 26.03.2008; 3GC9,5;
1; 421.77; 388.62; 350.73; 8.6170; 7.9974; 7.3051;
2; 500.70; 466.01; 423.45; 18.0383; 17.1718; 15.9712; 20.2247; 19.4565; 18.7141; 432.416; 362.445; 253.690; 4.0009; 3.6088; 0.0183; 1534.91; 1307.11; 7.90;
21; 25.6310; 24.9138; 24.0409; 330.842; 314.310; 296.688; 4.5054; 4.2126; 3.7688; 1413.99; 1324.02; 1216.91;
3; 1512.23; 1409.03; -7.98;
31; 1294.91; 1211.10; 1125.06;
5; 47.00;
0; 09; 16:50:00; 26.03.2008; 3GC9,5;
1; 400.80; 355.71; 199.19; 8.6170; 8.1882; 7.5437;
2; 471.33; 422.12; 229.92; 17.8395; 15.8295; 13.8245; 20.3042; 19.3680; 18.4358; 382.010; 363.642; 345.756; 3.7351; 3.2770; 1.7136; 1376.75; 1191.75; 621.36;
21; 25.0347; 23.6712; 21.9738; 337.392; 318.402; 300.119; 4.3440; 3.7707; 2.3594; 1367.05; 1200.60; 755.57;
3; 1432.05; 1282.03; 653.49;
31; 1210.51; 1096.69; 688.30;
5; 31.00;
0; 09; 17:00:00; 26.03.2008; 3GC9,5;
1; 333.14; 252.95; 44.27; 8.4977; 8.0007; 7.5437;
2; 393.27; 298.96; 51.68; 14.8978; 13.6207; 10.6841; 18.8731; 17.7128; 15.4941; 383.600; 363.360; 345.120; 3.0759; 2.3003; 0.2302; 1134.91; 836.65; 87.39;
21; 22.4905; 20.3483; 16.2097; 414.900; 320.251; 188.458; 3.6107; 2.6994; 0.0217; 1153.46; 862.83; 4.08;
3; 1201.01; 895.98; 66.93;
31; 1013.23; 781.58; -32.24;
5; 31.00;
0; 09; 17:10:00; 26.03.2008; 3GC9,5;
1; 281.73; 259.35; 189.72; 8.4182; 7.9851; 7.4244;
2; 328.90; 303.49; 220.67; 12.9500; 12.2348; 10.8828; 16.0507; 15.2914; 14.5003; 429.872; 364.476; 333.831; 2.6319; 2.3673; 0.0217; 967.51; 862.29; 9.31;
21; 17.2035; 16.6301; 16.0109; 325.695; 306.100; 283.276; 3.1364; 2.8207; 2.0499; 957.96; 862.54; 608.51;
3; 1012.18; 927.73; -7.98;
31; 848.66; 785.83; 554.32;
5; 47.00;
0; 09; 17:20:00; 26.03.2008; 3GC9,5;
1; 247.90; 201.33; 40.21; 8.3785; 7.9412; 7.3449;
2; 283.43; 230.87; 50.47; 13.1885; 11.3701; 10.4058; 15.1761; 13.7794; 12.9500; 385.827; 361.899; 250.510; 2.3628; 1.7917; 0.2571; 800.29; 647.41; 93.35;
21; 16.8457; 15.2729; 14.1028; 345.969; 322.954; 299.807; 2.6285; 2.0602; 0.5868; 838.93; 665.99; 186.53;
3; 860.26; 690.80; 79.58;
31; 733.66; 601.17; 146.05;
5; 46.00;
0; 09; 17:30:00; 26.03.2008; 3GC9,5;
1; 214.75; 192.07; 166.72; 8.4182; 7.8941; 7.1064;
2; 240.38; 214.73; 184.86; 12.0754; 10.9615; 9.8890; 13.4668; 12.6531; 11.5586; 385.191; 365.171; 346.392; 1.8885; 1.6556; 1.2931; 695.88; 604.46; 498.10;
21; 15.0171; 13.8862; 12.6717; 347.217; 329.790; 310.412; 2.1239; 1.8365; 1.5185; 701.60; 605.59; 523.60;
3; 727.33; 644.27; 531.11;
31; 616.56; 546.65; 466.76;
5; 47.00;
0; 09; 17:40:00; 26.03.2008; 3GC9,5;
1; 176.87; 154.71; 134.25; 8.2194; 7.7914; 7.2654;
2; 190.09; 165.71; 140.60; 10.5251; 9.6782; 8.8952; 12.3139; 11.2978; 10.0878; 385.827; 366.154; 348.300; 1.4512; 1.2548; 0.9904; 531.30; 459.40; 378.82;
21; 13.2680; 11.9803; 10.4058; 432.522; 326.399; 251.462; 1.6665; 1.4205; 0.0183; 534.09; 462.91; 5.76;
3; 563.81; 483.06; 397.13;
31; 475.20; 409.74; -16.42;
5; 31.00;
0; 09; 17:50:00; 26.03.2008; 3GC9,5;
1; 139.66; 120.78; 97.72; 8.2592; 7.7184; 7.2654;
2; 144.62; 123.08; 99.15; 9.4915; 8.6966; 7.6232; 10.8033; 9.8798; 8.8157; 420.014; 358.554; 245.103; 1.1115; 0.9297; 0.0250; 403.31; 333.16; 10.20;
21; 11.2406; 10.0381; 8.6170; 351.895; 332.453; 312.127; 1.2528; 0.9533; 0.3715; 413.28; 316.17; 126.61;
3; 415.06; 342.45; -10.09;
31; 353.88; 272.22; 90.13;
5; 31.00;
0; 09; 18:00:00; 26.03.2008; 3GC9,5;
1; 107.86; 49.40; 11.80; 8.1002; 7.4862; 6.8679;
2; 104.39; 49.00; 21.50; 8.4580; 7.0854; 5.5958; 9.3723; 8.1711; 6.5896; 391.392; 370.018; 162.895; 0.7247; 0.2060; 0.0015; 259.89; 74.16; 0.56;
21; 9.0542; 6.8267; 4.7610; 394.938; 354.938; 339.263; 0.3782; 0.2064; 0.0015; 129.02; 70.56; 0.58;
3; 262.09; 61.41; -12.20;
31; 92.24; 41.94; -12.20;
5; 31.00;
0; 09; 18:10:00; 26.03.2008; 3GC9,5;
1; 22.62; 15.88; 6.39; 7.6232; 7.0771; 6.5101;
2; 27.54; 22.54; 16.27; 6.3908; 5.4965; 4.7610; 7.1859; 6.1296; 5.0393; 382.487; 360.008; 166.235; 0.1797; 0.0617; -0.0019; 50.42; 20.86; -0.72;
21; 5.6753; 4.3466; 3.2901; 393.534; 370.408; 163.973; 0.3277; 0.0816; -0.0019; 96.45; 27.59; -0.74;
3; 72.20; -0.61; -11.14;
31; 223.06; 2.05; -19.58;
5; 47.00;
0; 09; 18:20:00; 26.03.2008; 3GC9,5;
1; 19.92; 10.40; -0.38; 7.2654; 6.8001; 6.1523;
2; 23.51; 17.37; 11.04; 5.6355; 4.7320; 3.6877; 5.5560; 4.6379; 3.6479; 376.763; 349.734; 182.454; 0.1461; 0.0419; -0.0019; 37.47; 12.97; -0.70;
21; 3.9262; 2.9451; 1.8988; 384.957; 361.291; 181.596; 0.2201; 0.0627; -0.0086; 68.17; 21.18; -3.29;
3; 25.78; -0.87; -9.03;
31; 173.48; -4.76; -19.58;
5; 47.00;
0; 09; 18:30:00; 26.03.2008; 3GC9,5;
1; 13.15; 4.19; -5.79; 7.1064; 6.5609; 6.0331;
2; 19.09; 11.53; 5.41; 5.1188; 4.2287; 3.1709; 4.2840; 3.5518; 2.6144; 365.155; 348.013; 201.535; 0.1057; 0.0221; -0.0019; 23.77; 7.51; -0.68;
21; 2.6144; 1.7595; 0.7460; 371.701; 345.313; 185.183; 0.1562; 0.0348; -0.0053; 41.79; 10.68; -1.85;
3; 4.68; -1.00; -9.03;
31; 6.79; -5.27; -15.36;
5; 31.00;
0; 09; 18:40:00; 26.03.2008; 3GC9,5;
1; 11.12; 0.60; -9.85; 6.7884; 6.2972; 5.6753;
2; 11.84; 6.34; -0.23; 4.1249; 3.2908; 2.5746; 3.3697; 2.5270; 1.7796; 330.491; 271.528; 133.638; 0.0587; 0.0241; 0.0015; 13.30; 6.40; 0.47;
21; 1.5013; 0.7523; 0.0702; 344.721; 316.141; 203.897; 0.0856; 0.0195; -0.0019; 19.03; 6.10; -0.65;
3; 5.74; -1.01; -10.09;
31; 0.46; -5.38; -14.31;
5; 31.00;
0; 09; 18:50:00; 26.03.2008; 3GC9,5;
1; 4.36; -2.45; -11.88; 6.5498; 6.0654; 5.4765;
2; 6.61; 2.22; -3.44; 3.3299; 2.8320; 2.2566; 2.2963; 1.6268; 0.9050; 228.248; 193.479; 129.980; 0.0351; 0.0095; -0.0187; 6.45; 1.88; -4.13;
21; 0.7460; 0.0296; -0.7248; 270.644; 213.449; 134.343; 0.0385; 0.0148; -0.0153; 10.14; 3.06; -3.38;
3; 6.79; -1.00; -6.92;
31; 1.52; -5.27; -15.36;
5; 46.00;
0; 09; 19:00:00; 26.03.2008; 3GC9,5;
1; 6.39; -2.42; -11.88; 6.3113; 5.9176; 5.3970;
2; 4.20; 0.37; -5.05; 3.4492; 2.8503; 2.0976; 1.6206; 0.9948; 0.3087; 129.662; 72.013; 24.557; 0.0284; 0.0071; -0.0187; 3.13; 0.51; -1.55;
21; 0.1497; -0.4164; -1.0031; 215.593; 146.072; 69.155; 0.0149; 0.0007; -0.0254; 2.98; 0.10; -3.68;
3; 4.68; -1.08; -7.98;
31; 0.46; -5.34; -14.31;
5; 47.00;
0; 09; 19:10:00; 26.03.2008; 3GC9,5;
1; 4.36; -2.45; -10.53; 6.1921; 5.7496; 5.1188;
2; 5.00; 0.00; -4.25; 3.1311; 2.4894; 1.7796; 1.0640; 0.5753; -0.0490; 25.034; 10.218; 2.455; 0.0284; 0.0071; -0.0153; 0.49; 0.07; -0.21;
21; -0.1683; -0.6678; -1.2416; 69.779; 33.756; 10.517; 0.0183; 0.0006; -0.0221; 1.04; 0.02; -1.00;
3; 4.68; -1.25; -10.09;
31; 0.46; -5.43; -14.31;
5; 46.00;
0; 09; 19:20:00; 26.03.2008; 3GC9,5;
1; 6.39; -2.50; -11.20; 5.7150; 4.9431; 4.0057;
2; 4.20; 0.02; -5.46; 2.2963; 1.7057; 0.8653; 0.7062; 0.2295; -0.3671; 3.250; 1.430; 0.070; 0.0250; 0.0072; -0.0187; 0.06; 0.01; -0.03;
21; -0.3671; -0.8862; -1.4006; 11.453; 5.255; 1.160; 0.0183; 0.0007; -0.0221; 0.16; 0.00; -0.16;
3; 4.68; -1.36; -9.03;
31; -0.59; -5.54; -14.31;
5; 47.00;
0; 09; 19:30:00; 26.03.2008; 3GC9,5;
1; 4.36; -2.46; -10.53; 4.7212; 4.1586; 3.5287;
2; 5.41; 0.11; -6.26; 1.9386; 1.4672; 0.9845; 0.5472; 0.1200; -0.4068; 1.342; 0.463; -0.566; 0.0250; 0.0072; -0.0153; 0.02; 0.00; -0.01;
21; -0.1683; -0.6233; -1.1621; 2.720; 1.264; -0.399; 0.0183; 0.0008; -0.0187; 0.03; 0.00; -0.03;
3; 5.74; -1.41; -9.03;
31; 0.46; -5.50; -13.25;
5; 47.00;
0; 09; 19:40:00; 26.03.2008; 3GC9,5;
1; 4.36; -2.43; -10.53; 4.2442; 3.7097; 3.0119;
2; 5.00; 0.15; -4.65; 1.6603; 1.0748; 0.2690; 0.4677; -0.0325; -0.5261; 1.183; 0.316; -0.566; 0.0284; 0.0071; -0.0086; 0.01; 0.00; -0.01;
21; -0.0888; -0.5834; -1.1621; 1.472; 0.677; -0.399; 0.0217; 0.0008; -0.0288; 0.02; 0.00; -0.04;
3; 4.68; -1.34; -9.03;
31; 0.46; -5.56; -16.42;
5; 31.00;
0; 09; 19:50:00; 26.03.2008; 3GC9,5;
1; 4.36; -2.47; -9.85; 3.8069; 3.3143; 2.6541;
2; 4.20; 0.17; -5.46; 1.3423; 0.6955; 0.1100; 0.1497; -0.3026; -0.8043; 1.024; 0.278; -0.566; 0.0250; 0.0070; -0.0153; 0.02; 0.00; -0.01;
21; -0.4068; -0.8705; -1.4404; 1.316; 0.502; -0.555; 0.0217; 0.0009; -0.0221; 0.02; 0.00; -0.02;
3; 5.74; -1.37; -9.03;
31; 0.46; -5.47; -12.20;
5; 31.00;
0; 09; 20:00:00; 26.03.2008; 3GC9,5;
1; 3.68; -2.50; -9.85; 3.4492; 2.9525; 2.4156;
2; 4.60; 0.22; -5.05; 0.8255; 0.4869; -0.0490; -0.0888; -0.5283; -1.1224; 1.024; 0.271; -0.566; 0.0250; 0.0070; -0.0153; 0.02; 0.00; -0.01;
21; -0.5261; -1.0046; -1.5994; 1.316; 0.453; -0.555; 0.0183; 0.0007; -0.0187; 0.01; 0.00; -0.01;
3; 5.74; -1.35; -9.03;
31; -0.59; -5.53; -13.25;
5; 46.00;
0; 09; 20:10:00; 26.03.2008; 3GC9,5;
1; 4.36; -2.55; -10.53; 3.2504; 2.7103; 2.0578;
2; 5.00; 0.30; -4.25; 0.7460; 0.2776; -0.3671; -0.2081; -0.7105; -1.3211; 1.183; 0.265; -0.566; 0.0250; 0.0071; -0.0153; 0.02; 0.00; -0.01;
21; -0.6453; -1.1896; -1.8379; 1.316; 0.421; -0.711; 0.0250; 0.0008; -0.0153; 0.01; 0.00; -0.01;
3; 4.68; -1.40; -11.14;
31; 0.46; -5.45; -13.25;
5; 31.00;
0; 09; 20:20:00; 26.03.2008; 3GC9,5;
1; 4.36; -2.54; -12.56; 3.0914; 2.6130; 1.9783;
2; 4.20; 0.34; -5.05; 0.7460; 0.1660; -0.3671; -0.4466; -0.8873; -1.4006; 1.183; 0.270; -0.566; 0.0250; 0.0070; -0.0153; 0.02; 0.00; -0.01;
21; -0.9634; -1.4195; -1.9572; 1.316; 0.405; -0.867; 0.0183; 0.0007; -0.0221; 0.01; 0.00; -0.02;
3; 3.63; -1.41; -9.03;
31; 0.46; -5.44; -12.20;
5; 47.00;
0; 09; 20:30:00; 26.03.2008; 3GC9,5;
1; 4.36; -2.59; -10.53; 2.8926; 2.4213; 1.8591;
2; 4.60; 0.37; -4.25; 0.5075; -0.0567; -0.7248; -0.5658; -1.0487; -1.4801; 1.024; 0.259; -0.566; 0.0217; 0.0069; -0.0187; 0.01; 0.00; -0.01;
21; -1.1224; -1.6167; -2.1162; 1.160; 0.411; -0.711; 0.0183; 0.0008; -0.0322; 0.01; 0.00; -0.01;
3; 4.68; -1.36; -10.09;
31; 0.46; -5.40; -14.31;
5; 47.00;
0; 09; 20:40:00; 26.03.2008; 3GC9,5;
1; 4.36; -2.47; -10.53; 2.6144; 2.0817; 1.5410;
2; 6.21; 0.43; -5.05; 0.0702; -0.5230; -1.0429; -0.8441; -1.3770; -1.8379; 1.024; 0.259; -0.725; 0.0250; 0.0071; -0.0086; 0.02; 0.00; -0.01;
21; -1.4404; -1.9537; -2.5137; 1.160; 0.399; -0.399; 0.0183; 0.0007; -0.0288; 0.01; 0.00; -0.02;
3; 5.74; -1.28; -10.09;
31; 1.52; -5.51; -14.31;
5; 47.00;
0; 09; 20:50:00; 26.03.2008; 3GC9,5;
1; 5.71; -2.55; -12.56; 2.2963; 1.8790; 1.4218;
2; 5.81; 0.47; -5.46; -0.0093; -0.5435; -1.2814; -1.1224; -1.5287; -2.0367; 1.183; 0.263; -0.566; 0.0250; 0.0067; -0.0153; 0.01; 0.00; -0.01;
21; -1.5994; -2.1052; -2.5932; 1.160; 0.395; -0.711; 0.0183; 0.0006; -0.0221; 0.01; 0.00; -0.02;
3; 4.68; -1.35; -7.98;
31; 0.46; -5.36; -13.25;
5; 31.00;
0; 09; 21:00:00; 26.03.2008; 3GC9,5;
1; 5.03; -2.53; -11.88; 2.0976; 1.6743; 1.1833;
2; 4.60; 0.49; -4.65; -0.2081; -0.6845; -1.3211; -1.1224; -1.6643; -2.1559; 1.024; 0.250; -0.725; 0.0284; 0.0069; -0.0221; 0.01; 0.00; -0.01;
21; -1.8379; -2.2727; -2.7920; 1.316; 0.395; -0.555; 0.0183; 0.0009; -0.0187; 0.02; 0.00; -0.01;
3; 4.68; -1.27; -9.03;
31; 1.52; -5.45; -14.31;
5; 47.00;
0; 09; 21:10:00; 26.03.2008; 3GC9,5;
1; 4.36; -2.58; -9.17; 1.8591; 1.4519; 0.9845;
2; 5.00; 0.52; -3.04; -0.2876; -0.7452; -1.3211; -1.3211; -1.7627; -2.1957; 1.024; 0.250; -1.043; 0.0284; 0.0070; -0.0120; 0.01; 0.00; -0.02;
21; -1.8379; -2.3152; -2.8715; 1.316; 0.388; -0.399; 0.0217; 0.0007; -0.0254; 0.01; 0.00; -0.01;
3; 5.74; -1.29; -9.03;
31; 1.52; -5.38; -13.25;
5; 47.00;
0; 09; 21:20:00; 26.03.2008; 3GC9,5;
1; 5.71; -2.54; -9.17; 1.8193; 1.2673; 0.8255;
2; 6.21; 0.53; -5.86; -0.2876; -0.7632; -1.2814; -1.4006; -1.7773; -2.3547; 1.024; 0.244; -0.566; 0.0284; 0.0069; -0.0120; 0.02; 0.00; -0.01;
21; -1.7584; -2.2153; -2.6727; 1.316; 0.387; -0.867; 0.0183; 0.0007; -0.0288; 0.01; 0.00; -0.02;
3; 4.68; -1.14; -10.09;
31; 0.46; -5.34; -12.20;
5; 47.00;
0; 09; 21:30:00; 26.03.2008; 3GC9,5;
1; 4.36; -2.58; -10.53; 1.6206; 1.1346; 0.6267;
2; 5.00; 0.60; -4.25; -0.5261; -1.0133; -1.4801; -1.4404; -1.8835; -2.3944; 1.024; 0.245; -0.725; 0.0284; 0.0070; -0.0153; 0.01; 0.00; -0.01;
21; -1.8777; -2.3823; -2.9510; 1.316; 0.377; -0.555; 0.0183; 0.0008; -0.0221; 0.01; 0.00; -0.01;
3; 4.68; -1.22; -11.14;
31; 1.52; -5.41; -13.25;
5; 47.00;
0; 09; 21:40:00; 26.03.2008; 3GC9,5;
1; 5.03; -2.55; -10.53; 1.4218; 0.9569; 0.5075;
2; 5.81; 0.60; -4.25; -0.7248; -1.2068; -1.8777; -1.6391; -2.1072; -2.7125; 1.024; 0.241; -0.884; 0.0250; 0.0067; -0.0187; 0.02; 0.00; -0.01;
21; -2.2752; -2.7062; -3.1895; 1.160; 0.357; -0.555; 0.0149; 0.0005; -0.0254; 0.01; 0.00; -0.01;
3; 5.74; -1.13; -11.14;
31; 0.46; -5.34; -13.25;
5; 47.00;
0; 09; 21:50:00; 26.03.2008; 3GC9,5;
1; 3.68; -2.57; -11.88; 1.2230; 0.7671; 0.3087;
2; 5.81; 0.60; -4.25; -0.7248; -1.2461; -1.7982; -1.7186; -2.1859; -2.6727; 1.183; 0.240; -0.566; 0.0250; 0.0070; -0.0153; 0.02; 0.00; -0.01;
21; -2.3944; -2.7702; -3.3485; 1.160; 0.358; -0.555; 0.0149; 0.0009; -0.0187; 0.01; 0.00; -0.01;
3; 4.68; -1.15; -7.98;
31; 1.52; -5.29; -12.20;
5; 47.00;
0; 09; 22:00:00; 26.03.2008; 3GC9,5;
1; 4.36; -2.60; -11.20; 1.1833; 0.6972; 0.1497;
2; 5.00; 0.65; -3.85; -0.6453; -1.2105; -1.8777; -1.7584; -2.1419; -2.6727; 1.183; 0.242; -0.566; 0.0284; 0.0069; -0.0153; 0.02; 0.00; -0.01;
21; -2.1957; -2.6732; -3.1497; 1.160; 0.354; -0.555; 0.0149; 0.0008; -0.0221; 0.01; 0.00; -0.02;
3; 4.68; -1.17; -9.03;
31; 0.46; -5.26; -13.25;
5; 47.00;
0; 09; 22:10:00; 26.03.2008; 3GC9,5;
1; 5.71; -2.56; -10.53; 1.0243; 0.5933; 0.0702;
2; 5.00; 0.64; -4.65; -0.7646; -1.3206; -1.7982; -1.7982; -2.2108; -2.7920; 1.024; 0.236; -0.884; 0.0250; 0.0069; -0.0120; 0.02; 0.00; -0.01;
21; -2.1559; -2.7179; -3.1895; 1.160; 0.354; -0.555; 0.0183; 0.0008; -0.0221; 0.01; 0.00; -0.01;
3; 4.68; -1.21; -11.14;
31; 0.46; -5.30; -14.31;
5; 46.00;
0; 09; 22:20:00; 26.03.2008; 3GC9,5;
1; 4.36; -2.58; -11.20; 0.9050; 0.4880; 0.0702;
2; 4.60; 0.69; -3.44; -0.8441; -1.3286; -1.9174; -1.7186; -2.1896; -2.6727; 1.024; 0.234; -0.566; 0.0250; 0.0067; -0.0153; 0.02; 0.00; -0.01;
21; -2.2752; -2.7202; -3.4280; 1.160; 0.347; -0.555; 0.0149; 0.0008; -0.0187; 0.01; 0.00; -0.01;
3; 4.68; -1.26; -11.14;
31; 1.52; -5.40; -14.31;
5; 31.00;
0; 09; 22:30:00; 26.03.2008; 3GC9,5;
1; 4.36; -2.56; -9.85; 0.9050; 0.5306; 0.0702;
2; 5.41; 0.72; -5.46; -0.8043; -1.2533; -1.7186; -1.7584; -2.1869; -2.7920; 1.024; 0.232; -0.884; 0.0284; 0.0069; -0.0187; 0.02; 0.00; -0.01;
21; -2.2752; -2.7566; -3.3087; 1.472; 0.343; -0.555; 0.0217; 0.0009; -0.0187; 0.01; 0.00; -0.02;
3; 4.68; -1.30; -9.03;
31; -0.59; -5.43; -12.20;
5; 47.00;
0; 09; 22:40:00; 26.03.2008; 3GC9,5;
1; 5.03; -2.66; -12.56; 0.8653; 0.4510; -0.0490;
2; 5.00; 0.76; -5.46; -0.8043; -1.3369; -1.9174; -1.7186; -2.1929; -2.6727; 0.865; 0.231; -0.725; 0.0250; 0.0069; -0.0153; 0.01; 0.00; -0.01;
21; -2.3149; -2.7630; -3.4678; 1.160; 0.342; -0.555; 0.0183; 0.0006; -0.0221; 0.01; 0.00; -0.01;
3; 4.68; -1.29; -7.98;
31; 0.46; -5.43; -13.25;
5; 46.00;
0; 09; 22:50:00; 26.03.2008; 3GC9,5;
1; 4.36; -2.53; -13.23; 0.6267; 0.2671; -0.4068;
2; 5.00; 0.76; -4.25; -1.0429; -1.4701; -1.9174; -1.7584; -2.2625; -2.7522; 1.024; 0.238; -0.566; 0.0284; 0.0067; -0.0120; 0.01; 0.00; -0.01;
21; -2.3944; -2.7983; -3.3882; 1.160; 0.337; -0.399; 0.0183; 0.0008; -0.0153; 0.01; 0.00; -0.01;
3; 4.68; -1.27; -9.03;
31; 0.46; -5.41; -14.31;
5; 46.00;
0; 09; 23:00:00; 26.03.2008; 3GC9,5;
1; 3.00; -2.60; -11.20; 0.6267; 0.2660; -0.2081;
2; 4.60; 0.74; -3.44; -1.1224; -1.5671; -2.0764; -1.8379; -2.3672; -2.7920; 1.024; 0.233; -0.725; 0.0284; 0.0066; -0.0153; 0.02; 0.00; -0.01;
21; -2.4739; -2.9446; -3.5473; 1.160; 0.334; -0.711; 0.0183; 0.0007; -0.0153; 0.01; 0.00; -0.01;
3; 4.68; -1.19; -9.03;
31; 0.46; -5.38; -13.25;
5; 46.00;
