0; 09; 03:50:00; 06.05.2008; 3GC9,5;
1; -1.06; -2.43; -3.09; 5.3175; 5.2679; -62.5000;
2; 0.58; 0.07; -328.95; 3.9659; 3.8662; -62.5000; 3.2901; 3.1910; -62.5000; 0.388; 0.153; -130.000; 0.0082; 0.0049; -2.7500; 357.50; 0.21; -0.63;
21; 2.8926; 2.8204; 2.6939; 0.380; 0.306; -127.500; 0.0015; 0.0000; -2.7500; 350.62; 0.04; -0.62;
3; -0.59; -2.38; -862.50;
31; -4.81; -6.11; -862.50;
5; 46.00;
0; 09; 04:00:00; 06.05.2008; 3GC9,5;
1; -1.73; -2.43; -3.09; 5.2778; 5.2538; 5.1983;
2; 0.58; 0.14; -0.23; 3.8864; 3.7560; 3.6877; 3.2504; 3.1861; 3.1311; 0.388; 0.229; 0.070; 0.0082; 0.0067; 0.0048; 0.00; 0.00; 0.00;
21; 2.8529; 2.7792; 2.7336; 0.380; 0.326; 0.224; 0.0015; 0.0006; -0.0019; 0.00; 0.00; 0.00;
3; -0.59; -1.68; -2.70;
31; -4.81; -5.81; -6.92;
5; 46.00;
0; 09; 04:10:00; 06.05.2008; 3GC9,5;
1; -1.73; -2.43; -3.09; 5.3175; 5.2691; 5.1983;
2; 0.58; 0.14; -0.23; 3.8467; 3.7752; 3.7274; 3.1709; 3.1343; 3.0914; 0.388; 0.229; 0.229; 0.0082; 0.0067; 0.0048; 0.00; 0.00; 0.00;
21; 2.8131; 2.7296; 2.6541; 0.380; 0.324; 0.224; 0.0015; 0.0005; -0.0019; 0.00; 0.00; 0.00;
3; -0.59; -1.69; -2.70;
31; -4.81; -5.82; -6.92;
5; 47.00;
0; 09; 04:20:00; 06.05.2008; 3GC9,5;
1; -1.73; -2.42; -3.09; 5.3175; 5.2289; 5.1188;
2; 0.58; 0.16; -0.23; 3.8864; 3.7530; 3.6479; 3.2106; 3.1701; 3.1311; 0.388; 0.230; 0.070; 0.0082; 0.0067; 0.0048; 0.00; 0.00; 0.00;
21; 2.7734; 2.7429; 2.6541; 0.380; 0.326; 0.224; 0.0015; 0.0007; -0.0019; 0.00; 0.00; 0.00;
3; -0.59; -1.72; -2.70;
31; -4.81; -5.83; -6.92;
5; 47.00;
0; 09; 04:30:00; 06.05.2008; 3GC9,5;
1; -1.73; -2.43; -3.09; 5.1585; 5.0811; 5.0393;
2; 0.58; 0.16; -0.23; 3.7274; 3.5923; 3.4889; 3.2106; 3.1240; 3.0516; 0.388; 0.230; 0.229; 0.0082; 0.0067; 0.0048; 0.00; 0.00; 0.00;
21; 2.6939; 2.5647; 2.4951; 0.380; 0.323; 0.224; 0.0015; 0.0006; -0.0019; 0.00; 0.00; 0.00;
3; -0.59; -1.72; -2.70;
31; -4.81; -5.85; -6.92;
5; 47.00;
0; 09; 04:40:00; 06.05.2008; 3GC9,5;
1; -1.73; -2.43; -3.09; 5.0790; 5.0264; 4.9597;
2; 0.58; 0.17; -0.23; 3.6082; 3.4681; 3.3299; 3.0914; 2.9899; 2.8529; 0.388; 0.229; 0.229; 0.0082; 0.0068; 0.0048; 0.00; 0.00; 0.00;
21; 2.5746; 2.4510; 2.3361; 0.380; 0.333; 0.224; 0.0015; 0.0007; -0.0019; 0.00; 0.00; 0.00;
3; -0.59; -1.74; -2.70;
31; -4.81; -5.87; -6.92;
5; 47.00;
0; 09; 04:50:00; 06.05.2008; 3GC9,5;
1; -1.73; -2.45; -3.09; 4.9995; 4.9248; 4.8802;
2; 0.58; 0.16; -0.23; 3.4094; 3.3556; 3.2901; 2.9324; 2.8438; 2.7734; 0.388; 0.230; 0.229; 0.0082; 0.0067; 0.0048; 0.00; 0.00; 0.00;
21; 2.4156; 2.3217; 2.2168; 0.380; 0.352; 0.224; 0.0015; 0.0007; -0.0019; 0.00; 0.00; 0.00;
3; -0.59; -1.72; -2.70;
31; -4.81; -5.86; -6.92;
5; 46.00;
0; 09; 05:00:00; 06.05.2008; 3GC9,5;
1; -1.73; -2.44; -3.09; 4.9200; 4.8393; 4.7610;
2; 0.58; 0.17; -0.23; 3.3697; 3.2531; 3.1709; 2.8131; 2.7203; 2.6144; 0.388; 0.230; 0.229; 0.0082; 0.0068; 0.0048; 0.00; 0.00; 0.00;
21; 2.2566; 2.1924; 2.0976; 0.536; 0.375; 0.224; 0.0015; 0.0007; -0.0019; 0.00; 0.00; 0.00;
3; -1.65; -1.73; -2.70;
31; -4.81; -5.86; -6.92;
5; 47.00;
0; 09; 05:10:00; 06.05.2008; 3GC9,5;
1; -1.73; -2.45; -3.09; 4.8405; 4.7737; 4.7212;
2; 0.58; 0.17; -0.23; 3.3697; 3.2443; 3.1709; 2.6541; 2.6226; 2.5746; 0.388; 0.236; 0.229; 0.0082; 0.0067; 0.0048; 0.00; 0.00; 0.00;
21; 2.1771; 2.1351; 2.0976; 0.692; 0.469; 0.380; 0.0015; 0.0005; -0.0019; 0.00; 0.00; 0.00;
3; -1.65; -1.73; -2.70;
31; -4.81; -5.86; -6.92;
5; 47.00;
0; 09; 05:20:00; 06.05.2008; 3GC9,5;
1; -1.73; -2.44; -3.09; 4.8007; 4.7486; 4.6815;
2; 0.58; 0.18; -0.23; 3.3697; 3.2699; 3.1709; 2.6939; 2.6529; 2.6144; 0.547; 0.339; 0.229; 0.0082; 0.0067; 0.0048; 0.00; 0.00; 0.00;
21; 2.2168; 2.1539; 2.0976; 1.160; 0.755; 0.536; 0.0015; 0.0006; -0.0019; 0.00; 0.00; 0.00;
3; -0.59; -1.75; -2.70;
31; -4.81; -5.85; -6.92;
5; 47.00;
0; 09; 05:30:00; 06.05.2008; 3GC9,5;
1; -1.73; -2.44; -3.09; 4.8405; 4.7698; 4.7212;
2; 0.58; 0.19; -0.23; 3.4889; 3.3503; 3.2901; 2.7734; 2.6877; 2.6144; 1.660; 0.838; 0.388; 0.0082; 0.0068; 0.0048; 0.01; 0.01; 0.00;
21; 2.3758; 2.2961; 2.1771; 4.903; 2.355; 1.004; 0.0015; 0.0006; -0.0019; 0.01; 0.00; -0.01;
3; -1.65; -1.76; -2.70;
31; -4.81; -5.84; -6.92;
5; 31.00;
0; 09; 05:40:00; 06.05.2008; 3GC9,5;
1; -1.73; -2.46; -3.09; 4.8405; 4.7774; 4.6815;
2; 0.58; 0.20; -0.23; 3.4094; 3.3269; 3.2106; 2.7734; 2.7277; 2.6939; 10.723; 4.534; 1.660; 0.0082; 0.0067; 0.0048; 0.09; 0.03; 0.01;
21; 2.4156; 2.3780; 2.2963; 30.791; 13.518; 4.903; 0.0015; 0.0006; -0.0019; 0.05; 0.01; -0.06;
3; -0.59; -1.71; -2.70;
31; -4.81; -5.84; -6.92;
5; 47.00;
0; 09; 05:50:00; 06.05.2008; 3GC9,5;
1; -1.73; -2.44; -3.09; 4.7212; 4.6665; 4.6020;
2; 0.98; 0.40; 0.18; 3.2901; 3.2156; 3.1709; 2.7336; 2.6607; 2.6144; 65.105; 30.554; 10.723; 0.0082; 0.0069; 0.0048; 0.53; 0.22; 0.05;
21; 2.3361; 2.3061; 2.2168; 140.893; 74.249; 30.791; 0.0015; 0.0010; -0.0019; 0.21; 0.08; -0.27;
3; -0.59; -1.70; -2.70;
31; -4.81; -5.80; -6.92;
5; 31.00;
0; 09; 06:00:00; 06.05.2008; 3GC9,5;
1; -1.06; -2.08; -3.09; 4.6417; 4.5903; 4.5622;
2; 2.19; 1.22; 0.58; 3.2504; 3.1937; 3.1311; 2.6939; 2.6052; 2.5349; 188.814; 121.027; 65.264; 0.0082; 0.0072; 0.0048; 1.55; 0.88; 0.32;
21; 2.2566; 2.1962; 2.1373; 225.262; 196.795; 141.205; 0.0116; 0.0028; -0.0019; 2.61; 0.59; -0.40;
3; -0.59; -1.69; -2.70;
31; -4.81; -5.75; -6.92;
5; 47.00;
0; 09; 06:10:00; 06.05.2008; 3GC9,5;
1; 3.68; 0.67; -1.73; 4.6020; 4.5478; 4.4827;
2; 5.81; 3.72; 1.79; 3.2504; 3.1332; 3.0119; 2.6144; 2.5473; 2.4951; 257.665; 208.950; 133.479; 0.0351; 0.0168; 0.0048; 6.94; 3.45; 0.92;
21; 2.2566; 2.1217; 2.0181; 305.733; 230.622; 134.031; 0.0519; 0.0211; 0.0082; 11.81; 4.80; 1.85;
3; -0.59; -1.67; -2.70;
31; -4.81; -5.78; -6.92;
5; 47.00;
0; 09; 06:20:00; 06.05.2008; 3GC9,5;
1; 9.77; 5.97; 3.00; 4.6020; 4.4794; 4.3237;
2; 11.44; 8.34; 5.41; 3.2901; 3.0737; 2.9324; 2.6144; 2.5250; 2.4554; 349.572; 312.475; 199.786; 0.0654; 0.0225; 0.0183; 14.84; 6.96; 4.58;
21; 2.2566; 2.0981; 1.9386; 351.895; 327.535; 204.053; 0.1091; 0.0210; 0.0149; 27.76; 6.66; 4.94;
3; -0.59; -1.66; -2.70;
31; -4.81; -5.78; -6.92;
5; 31.00;
0; 09; 06:30:00; 06.05.2008; 3GC9,5;
1; 17.21; 12.78; 9.09; 4.3635; 4.2588; 4.1647;
2; 17.88; 14.24; 11.04; 3.0119; 2.9133; 2.8529; 2.4951; 2.4090; 2.3361; 375.014; 357.090; 201.694; 0.1158; 0.0253; 0.0183; 33.40; 8.60; 6.39;
21; 1.9783; 1.9407; 1.8988; 374.352; 348.501; 205.924; 0.1932; 0.0459; 0.0149; 54.60; 14.78; 5.26;
3; -0.59; -1.65; -2.70;
31; 21.56; -5.76; -6.92;
5; 47.00;
0; 09; 06:40:00; 06.05.2008; 3GC9,5;
1; 25.33; 20.99; 16.53; 4.3237; 4.2301; 4.1249;
2; 24.32; 20.75; 17.48; 3.1311; 3.0275; 2.8529; 2.5349; 2.4257; 2.3361; 387.417; 368.997; 175.139; 0.1697; 0.0373; 0.0183; 47.79; 12.58; 4.38;
21; 2.1373; 2.0163; 1.8988; 390.259; 372.772; 167.716; 0.2706; 0.0444; 0.0149; 77.56; 15.27; 3.63;
3; 169.26; -1.35; -11.14;
31; 162.93; -4.66; -20.64;
5; 47.00;
0; 09; 06:50:00; 06.05.2008; 3GC9,5;
1; 41.56; 30.28; 25.33; 4.4430; 4.3660; 4.2442;
2; 31.96; 27.71; 23.92; 3.2901; 3.2351; 3.0914; 2.7336; 2.6394; 2.4951; 395.526; 379.420; 170.687; 0.2302; 0.0542; 0.0183; 73.83; 19.38; 6.36;
21; 2.4156; 2.2756; 2.1373; 400.396; 378.626; 185.495; 0.3748; 0.1018; 0.0149; 128.05; 37.71; 5.70;
3; 217.79; -0.51; -11.14;
31; 168.20; -5.56; -6.92;
5; 47.00;
0; 09; 07:00:00; 06.05.2008; 3GC9,5;
1; 82.83; 62.70; 40.89; 5.1188; 4.6915; 4.3635;
2; 38.00; 34.80; 31.16; 4.0454; 3.6502; 3.2106; 3.3299; 2.9744; 2.7336; 396.798; 330.133; 175.457; 0.2739; 0.2053; 0.0183; 84.56; 64.79; 5.57;
21; 2.9721; 2.6559; 2.3758; 402.267; 333.501; 216.841; 0.4152; 0.3069; 0.0149; 138.39; 98.20; 5.97;
3; 203.02; 40.72; -11.14;
31; 256.82; 58.43; -19.58;
5; 47.00;
0; 09; 07:10:00; 06.05.2008; 3GC9,5;
1; 150.48; 113.75; 82.16; 5.9138; 5.5066; 5.0790;
2; 43.63; 40.72; 38.00; 4.5622; 4.2966; 4.0057; 3.9659; 3.6646; 3.2901; 308.707; 308.672; 308.548; 0.3210; 0.2961; 0.2739; 99.10; 91.39; 84.52;
21; 3.5684; 3.2571; 2.9324; 348.152; 305.717; 234.464; 0.5262; 0.4578; 0.3748; 158.61; 139.69; 122.59;
3; 79.58; 71.33; 63.76;
31; 114.40; 103.60; 48.99;
5; 47.00;
0; 09; 07:20:00; 06.05.2008; 3GC9,5;
1; 201.22; 178.41; 149.81; 6.2318; 6.0971; 5.9138;
2; 52.88; 49.06; 43.63; 4.7610; 4.6600; 4.5225; 4.3635; 4.1443; 3.9262; 308.866; 308.715; 308.548; 0.3984; 0.3510; 0.3177; 122.98; 108.36; 98.01;
21; 4.0057; 3.7589; 3.5287; 327.567; 307.260; 282.964; 0.5901; 0.5361; 0.4892; 186.51; 164.78; 146.99;
3; 107.01; 90.84; 78.53;
31; 146.05; 127.70; 99.63;
5; 31.00;
0; 09; 07:30:00; 06.05.2008; 3GC9,5;
1; 212.72; 209.14; 197.84; 6.5896; 6.3754; 6.1921;
2; 56.91; 52.30; 50.87; 5.0393; 4.8680; 4.7212; 4.8405; 4.5628; 4.3237; 370.721; 347.612; 230.633; 0.4926; 0.4202; 0.3647; 175.24; 146.20; 98.86;
21; 4.5225; 4.2117; 3.9659; 339.887; 316.711; 294.973; 0.7516; 0.6533; 0.5733; 243.73; 207.05; 182.81;
3; 160.82; 132.29; 20.51;
31; 197.74; 168.10; 132.33;
5; 31.00;
0; 09; 07:40:00; 06.05.2008; 3GC9,5;
1; 218.14; 212.79; 206.64; 6.7884; 6.6499; 6.5498;
2; 94.33; 72.51; 56.91; 5.7945; 5.3237; 5.0393; 5.4765; 5.1186; 4.8007; 378.989; 357.377; 337.170; 0.7179; 0.5661; 0.4556; 255.04; 202.20; 169.98;
21; 5.2380; 4.8324; 4.4827; 429.091; 327.374; 309.476; 0.9399; 0.8206; 0.0183; 397.75; 268.43; 7.85;
3; 246.27; 195.63; 142.88;
31; 263.15; 226.70; -18.53;
5; 47.00;
0; 09; 07:50:00; 06.05.2008; 3GC9,5;
1; 236.40; 225.67; 215.43; 7.0666; 6.8794; 6.7486;
2; 138.99; 118.42; 94.33; 6.6293; 6.1695; 5.7548; 6.3113; 5.8211; 5.4368; 378.989; 358.622; 338.919; 0.9164; 0.7978; 0.6843; 331.56; 286.19; 245.85;
21; 6.4703; 5.7160; 5.1983; 346.437; 326.380; 247.563; 1.2158; 1.0588; 0.8928; 401.27; 345.70; 267.67;
3; 341.22; 290.87; 240.99;
31; 345.44; 300.57; 191.41;
5; 47.00;
0; 09; 08:00:00; 06.05.2008; 3GC9,5;
1; 269.55; 251.10; 236.40; 7.4244; 7.1617; 7.0269;
2; 170.77; 153.99; 138.99; 7.5437; 6.9536; 6.5498; 7.5834; 6.8712; 6.2716; 425.579; 364.985; 249.237; 1.2057; 1.0277; 0.0217; 441.94; 374.97; 9.20;
21; 8.2194; 7.2878; 6.4703; 349.244; 330.154; 312.127; 1.5588; 1.3349; 1.1317; 518.41; 440.66; 390.03;
3; 453.04; 390.54; -9.03;
31; 442.49; 390.93; 335.94;
5; 31.00;
0; 09; 08:10:00; 06.05.2008; 3GC9,5;
1; 312.85; 289.64; 269.55; 8.0207; 7.6998; 7.3846;
2; 204.57; 186.80; 170.77; 8.6965; 8.0405; 7.5039; 9.1337; 8.2979; 7.5834; 388.530; 366.318; 348.618; 1.4781; 1.3145; 1.0678; 539.27; 481.37; 413.84;
21; 10.1673; 9.1184; 8.1797; 351.115; 333.879; 316.962; 1.8347; 1.6324; 1.4108; 633.55; 544.99; 492.95;
3; 574.36; 510.00; 433.00;
31; 543.77; 489.71; 435.11;
5; 47.00;
0; 09; 08:20:00; 06.05.2008; 3GC9,5;
1; 356.15; 333.22; 312.17; 8.2592; 8.1231; 7.9809;
2; 241.99; 222.14; 204.57; 9.8095; 8.9569; 8.5772; 10.6443; 9.8233; 9.0940; 389.484; 369.553; 348.936; 1.8111; 1.6055; 1.3368; 668.83; 593.32; 512.60;
21; 12.2742; 11.1458; 10.1276; 440.476; 334.166; 256.765; 2.3056; 1.9638; 0.0183; 817.92; 655.66; 7.44;
3; 705.18; 634.51; 535.33;
31; 655.60; 593.75; -17.47;
5; 47.00;
0; 09; 08:30:00; 06.05.2008; 3GC9,5;
1; 394.71; 375.05; 355.47; 8.8555; 8.4424; 8.2194;
2; 281.02; 260.94; 241.99; 11.0816; 10.2090; 9.5710; 12.5127; 11.4823; 10.6443; 430.508; 367.692; 250.828; 2.2921; 1.9390; 0.0217; 895.55; 712.32; 9.20;
21; 14.6196; 13.2815; 12.2344; 351.739; 330.839; 310.724; 2.6823; 2.3645; 2.0197; 892.86; 782.10; 707.88;
3; 836.00; 766.20; -9.03;
31; 770.59; 712.48; 638.72;
5; 47.00;
0; 09; 08:40:00; 06.05.2008; 3GC9,5;
1; 426.50; 407.49; 365.62; 9.8890; 9.3663; 8.8555;
2; 314.82; 296.24; 272.97; 12.2742; 11.7818; 10.9624; 14.4606; 13.4833; 12.5127; 394.095; 369.126; 349.890; 2.4166; 2.2252; 1.7943; 892.89; 821.11; 703.99;
21; 16.9650; 15.8025; 14.5798; 350.180; 329.992; 310.880; 2.9951; 2.7081; 2.3729; 989.40; 893.47; 829.68;
3; 953.10; 886.09; 760.04;
31; 871.86; 816.19; 753.71;
5; 47.00;
0; 09; 08:50:00; 06.05.2008; 3GC9,5;
1; 440.04; 355.77; 122.07; 10.4853; 10.1351; 9.8493;
2; 336.14; 270.21; 97.95; 14.7388; 13.1086; 11.9164; 15.6531; 14.9913; 14.4208; 385.986; 361.488; 341.145; 2.6722; 2.0764; 0.6574; 963.03; 750.51; 237.54;
21; 18.2768; 17.4764; 16.9252; 427.376; 330.666; 250.059; 3.1431; 2.4919; 0.0183; 1043.92; 822.41; 7.18;
3; 1024.83; 808.18; 235.72;
31; 921.45; 749.31; -17.47;
5; 46.00;
0; 09; 09:00:00; 06.05.2008; 3GC9,5;
1; 450.18; 326.02; 111.25; 10.7636; 10.5414; 10.4058;
2; 350.62; 259.79; 90.30; 16.8855; 14.4465; 12.3139; 16.2097; 15.4393; 14.8978; 383.123; 361.152; 339.237; 2.7866; 2.0041; 0.4791; 997.15; 724.19; 181.50;
21; 18.6346; 17.3224; 16.2892; 356.418; 331.086; 310.880; 3.3618; 2.4640; 0.7987; 1090.72; 812.64; 284.16;
3; 1078.64; 777.79; 172.42;
31; 961.54; 739.32; 234.67;
5; 31.00;
0; 09; 09:10:00; 06.05.2008; 3GC9,5;
1; 540.84; 464.10; 169.43; 11.3996; 11.0880; 10.7238;
2; 442.36; 377.92; 140.60; 21.3775; 19.3467; 16.8855; 18.9128; 17.5415; 16.1699; 431.939; 361.140; 250.669; 3.5770; 2.9390; 0.0217; 1309.78; 1060.15; 9.34;
21; 22.8881; 20.8532; 18.5948; 341.758; 323.850; 308.229; 4.0950; 3.5897; 1.4815; 1327.09; 1162.57; 475.35;
3; 1360.31; 1146.87; -9.03;
31; 1215.78; 1065.06; 424.56;
5; 31.00;
0; 09; 09:20:00; 06.05.2008; 3GC9,5;
1; 586.16; 471.86; 118.69; 12.1947; 11.7425; 11.3599;
2; 501.10; 397.38; 103.18; 24.1999; 22.9850; 21.3377; 21.5365; 20.3198; 18.9128; 381.056; 360.340; 343.689; 4.0244; 3.0636; 0.6540; 1467.65; 1104.64; 234.45;
21; 26.1080; 24.6212; 22.8881; 341.602; 318.125; 300.275; 4.8014; 3.7329; 1.1855; 1503.57; 1188.10; 375.01;
3; 1517.50; 1193.85; 234.67;
31; 1355.04; 1087.69; 328.56;
5; 31.00;
0; 09; 09:30:00; 06.05.2008; 3GC9,5;
1; 620.67; 516.05; 155.90; 12.2742; 12.1606; 12.0754;
2; 535.71; 446.87; 138.99; 24.6769; 23.0692; 21.4172; 24.1999; 22.5681; 21.5365; 382.487; 361.669; 338.442; 4.3204; 3.4009; 0.9164; 1553.25; 1230.89; 330.98;
21; 29.3677; 27.0718; 25.3925; 440.164; 309.151; 260.196; 5.3564; 4.3426; 0.0183; 1631.30; 1340.01; 6.25;
3; 1614.56; 1329.99; 342.27;
31; 1444.71; 1227.49; -17.47;
5; 47.00;
0; 09; 09:40:00; 06.05.2008; 3GC9,5;
1; 630.14; 595.42; 162.66; 12.7115; 12.2778; 12.1152;
2; 553.41; 519.88; 131.34; 25.6707; 24.4232; 23.6831; 26.7440; 25.5127; 24.1999; 424.307; 353.707; 248.124; 4.6433; 4.0354; 0.0217; 1669.41; 1426.66; 7.48;
21; 32.1106; 30.8936; 29.3279; 321.796; 307.604; 292.010; 5.4506; 5.0177; 1.5925; 1671.53; 1543.69; 482.90;
3; 1644.10; 1540.43; -7.98;
31; 1495.35; 1412.55; 431.94;
5; 46.00;
0; 09; 09:50:00; 06.05.2008; 3GC9,5;
1; 658.55; 567.88; 149.13; 13.1487; 12.7812; 12.5922;
2; 602.50; 514.75; 131.75; 27.5391; 24.6590; 21.8545; 28.1751; 26.8653; 26.0683; 369.290; 350.156; 332.717; 4.8451; 4.0097; 0.9097; 1691.42; 1404.58; 317.13;
21; 33.7802; 31.6188; 30.0435; 321.173; 304.930; 289.203; 5.9316; 4.9675; 1.6295; 1811.64; 1514.61; 496.16;
3; 1777.03; 1513.19; 326.45;
31; 1599.79; 1383.89; 442.49;
5; 46.00;
0; 09; 10:00:00; 06.05.2008; 3GC9,5;
1; 673.43; 663.13; 599.69; 13.7450; 13.4879; 13.1487;
2; 629.45; 612.15; 535.71; 29.4870; 28.1394; 26.3863; 30.4410; 29.3940; 28.1751; 366.109; 347.046; 330.650; 5.0301; 4.7986; 4.2632; 1783.33; 1665.16; 1481.50;
21; 36.6026; 35.3744; 33.7802; 433.926; 304.303; 259.572; 6.6279; 5.8224; 0.0183; 2549.77; 1768.17; 6.53;
3; 1844.54; 1794.56; 1601.90;
31; 1672.58; 1615.79; -15.36;
5; 47.00;
0; 09; 10:10:00; 06.05.2008; 3GC9,5;
1; 699.14; 688.98; 672.76; 13.5463; 13.4279; 13.3475;
2; 664.46; 649.00; 628.65; 27.8174; 26.8247; 25.9490; 31.7131; 31.0973; 30.4013; 362.929; 345.875; 328.106; 5.3901; 5.0808; 4.5929; 1862.88; 1757.19; 1655.93;
21; 38.4312; 37.5397; 36.5629; 318.989; 301.237; 283.744; 6.5875; 6.2202; 5.7668; 1998.62; 1873.74; 1806.27;
3; 1923.67; 1883.70; 1786.52;
31; 1743.27; 1709.33; 1643.05;
5; 31.00;
0; 09; 10:20:00; 06.05.2008; 3GC9,5;
1; 731.62; 712.31; 697.11; 13.7450; 13.5766; 13.3872;
2; 704.69; 681.17; 662.05; 28.8509; 27.0447; 25.9490; 32.5081; 32.1204; 31.6733; 421.763; 343.068; 251.464; 5.7298; 5.3372; 0.0250; 2073.69; 1829.46; 10.55;
21; 39.7828; 38.9831; 38.3915; 316.650; 300.508; 285.616; 7.0349; 6.5074; 5.9249; 2095.95; 1955.21; 1855.15;
3; 2030.22; 1958.92; -7.98;
31; 1827.66; 1774.54; 1702.12;
5; 47.00;
0; 09; 10:30:00; 06.05.2008; 3GC9,5;
1; 749.21; 739.80; 730.94; 14.2220; 13.9893; 13.6655;
2; 732.05; 717.51; 703.08; 31.3951; 29.5121; 27.5391; 34.0982; 33.3781; 32.4684; 358.795; 341.927; 323.495; 5.9316; 5.6111; 5.1479; 2031.82; 1918.50; 1842.94;
21; 41.8897; 41.0037; 39.7431; 313.843; 297.286; 281.405; 7.3040; 6.8536; 6.2949; 2170.56; 2037.29; 1965.86;
3; 2085.08; 2052.03; 1976.41;
31; 1879.36; 1847.95; 1791.80;
5; 47.00;
0; 09; 10:40:00; 06.05.2008; 3GC9,5;
1; 771.53; 758.19; 748.53; 14.1028; 13.6968; 13.3475;
2; 763.04; 744.57; 731.25; 29.3279; 27.2229; 25.0347; 34.5753; 34.2200; 34.0585; 359.908; 342.802; 325.562; 6.1200; 5.7983; 5.2387; 2111.83; 1987.56; 1842.49;
21; 42.7245; 42.0456; 41.8102; 432.366; 296.546; 261.287; 7.8085; 7.0948; 0.0217; 3005.36; 2098.84; 7.40;
3; 2163.14; 2124.17; 2010.17;
31; 1948.99; 1902.89; -25.91;
5; 47.00;
0; 09; 10:50:00; 06.05.2008; 3GC9,5;
1; 795.88; 783.06; 771.53; 13.7053; 13.5625; 13.3872;
2; 794.42; 777.55; 763.04; 29.0099; 26.7904; 25.2334; 34.7740; 34.5165; 34.4162; 422.399; 341.159; 256.393; 6.6279; 6.0561; 0.0250; 2568.34; 2064.19; 10.56;
21; 42.8437; 42.5161; 42.2077; 311.660; 295.400; 278.442; 7.9162; 7.4305; 6.8465; 2338.00; 2194.83; 2125.24;
3; 2259.15; 2204.13; -7.98;
31; 2024.94; 1988.20; 1932.11;
5; 31.00;
0; 09; 11:00:00; 06.05.2008; 3GC9,5;
1; 818.21; 804.77; 795.21; 14.0630; 13.8211; 13.5065;
2; 825.40; 808.02; 794.02; 30.8783; 29.4759; 27.0223; 35.6883; 35.2574; 34.7343; 356.410; 338.736; 321.110; 6.6313; 6.3226; 5.8038; 2274.73; 2141.59; 2059.00;
21; 44.1158; 43.4077; 42.7642; 309.944; 292.783; 278.286; 8.2492; 7.7372; 7.0954; 2407.55; 2264.97; 2184.59;
3; 2330.88; 2284.07; 2163.14;
31; 2089.30; 2050.29; 1991.18;
5; 47.00;
0; 09; 11:10:00; 06.05.2008; 3GC9,5;
1; 837.15; 823.57; 814.83; 14.3413; 14.1302; 13.8643;
2; 852.36; 835.10; 823.39; 30.4808; 29.2058; 27.8571; 36.3641; 36.0538; 35.6486; 356.728; 339.514; 322.223; 6.8802; 6.4856; 5.9148; 2345.74; 2201.76; 2103.39;
21; 45.9444; 44.9451; 43.9568; 431.898; 291.816; 267.993; 8.5620; 7.9345; 0.0217; 3456.96; 2309.77; 7.44;
3; 2392.07; 2346.05; 2247.54;
31; 2138.88; 2089.64; -25.91;
5; 47.00;
0; 09; 11:20:00; 06.05.2008; 3GC9,5;
1; 858.12; 846.68; 833.77; 14.3413; 14.1525; 13.9438;
2; 882.13; 866.83; 849.14; 29.5665; 27.6009; 25.6310; 36.6424; 36.3688; 36.1653; 355.774; 338.711; 323.336; 7.0921; 6.7552; 6.1368; 2433.53; 2287.98; 2125.32;
21; 46.3817; 45.8620; 45.5072; 302.147; 289.408; 276.726; 8.7672; 8.2960; 7.7547; 2539.59; 2400.82; 2316.65;
3; 2475.41; 2434.77; 2320.33;
31; 2201.12; 2170.53; 2112.51;
5; 47.00;
0; 09; 11:30:00; 06.05.2008; 3GC9,5;
1; 900.75; 871.96; 836.48; 14.3016; 14.0811; 13.9438;
2; 937.25; 900.50; 860.40; 29.9640; 28.0531; 27.1018; 37.0399; 36.5970; 36.2449; 422.240; 336.632; 258.778; 7.4688; 7.0134; 0.0250; 2922.12; 2359.17; 10.56;
21; 46.5805; 46.0425; 45.5867; 303.082; 290.075; 277.662; 9.0161; 8.4929; 6.6111; 2618.44; 2463.64; 1851.11;
3; 2609.39; 2507.24; -6.92;
31; 2292.90; 2224.94; 1681.02;
5; 47.00;
0; 09; 11:40:00; 06.05.2008; 3GC9,5;
1; 974.49; 650.39; 239.11; 14.4208; 14.2728; 14.1425;
2; 1015.31; 679.25; 250.84; 28.7317; 26.3829; 22.4508; 37.6759; 36.6279; 34.0585; 353.866; 337.356; 311.092; 7.6134; 5.2285; 1.8313; 2615.99; 1772.13; 637.55;
21; 47.2960; 45.4904; 40.5779; 409.129; 284.666; 236.803; 9.4836; 7.0081; 0.0217; 2748.61; 2000.03; 6.88;
3; 2768.69; 1882.79; 670.37;
31; 2476.47; 1807.19; -26.97;
5; 31.00;
0; 09; 11:50:00; 06.05.2008; 3GC9,5;
1; 1054.99; 538.96; 235.73; 14.6593; 14.3773; 14.2220;
2; 1078.88; 558.16; 248.43; 31.0770; 23.3877; 20.0656; 34.0585; 31.7949; 30.2820; 370.562; 343.071; 317.771; 7.9666; 4.1946; 1.9289; 2801.38; 1462.56; 653.34;
21; 42.0487; 37.4666; 34.5355; 341.134; 316.015; 293.101; 8.6394; 5.0333; 2.5040; 2805.71; 1605.17; 796.05;
3; 2884.74; 1551.16; 689.36;
31; 2446.93; 1447.87; 713.62;
5; 31.00;
0; 09; 12:00:00; 06.05.2008; 3GC9,5;
1; 1021.17; 959.95; 599.69; 16.1302; 15.2450; 14.5798;
2; 1064.40; 990.65; 626.64; 41.5319; 36.3694; 30.7590; 39.7431; 36.6350; 33.2634; 419.219; 340.552; 264.661; 8.3501; 7.4413; 0.0250; 3094.40; 2532.72; 10.49;
21; 51.2712; 47.0942; 42.0487; 336.300; 313.019; 295.597; 8.7840; 7.9978; 7.1055; 2726.28; 2502.79; 2302.41;
3; 2848.87; 2684.76; -6.92;
31; 2378.36; 2257.60; 2081.91;
5; 46.00;
0; 09; 12:10:00; 06.05.2008; 3GC9,5;
1; 1027.26; 774.06; 281.05; 16.2494; 16.0992; 15.8121;
2; 1070.03; 804.61; 287.05; 41.4127; 37.2101; 30.3218; 41.6114; 40.5180; 39.0275; 348.300; 326.063; 291.852; 8.3501; 6.1676; 2.2854; 2762.28; 2031.79; 695.47;
21; 51.9868; 49.9981; 44.9506; 319.301; 294.012; 265.186; 9.5879; 7.1708; 3.0960; 2835.65; 2127.73; 882.57;
3; 2862.59; 2155.01; 735.77;
31; 2547.15; 1919.32; 793.80;
5; 46.00;
0; 09; 12:20:00; 06.05.2008; 3GC9,5;
1; 1098.29; 918.66; 346.68; 15.9314; 15.7354; 15.5339;
2; 1140.44; 950.13; 350.22; 37.2387; 34.3185; 31.1566; 41.4524; 39.6927; 38.6300; 363.565; 345.081; 305.527; 7.9364; 6.6678; 2.7260; 2818.12; 2322.01; 883.24;
21; 51.2315; 47.4217; 44.2351; 412.404; 309.073; 241.949; 9.8974; 7.5273; 0.0217; 2956.80; 2338.22; 6.96;
3; 2885.80; 2457.05; 932.00;
31; 2592.51; 2107.03; -28.02;
5; 47.00;
0; 09; 12:30:00; 06.05.2008; 3GC9,5;
1; 1107.76; 821.91; 279.70; 16.2494; 15.5781; 15.3351;
2; 1150.50; 843.86; 267.34; 42.8437; 34.8303; 29.2484; 42.6052; 41.2074; 39.5443; 414.448; 340.910; 309.343; 7.9263; 5.8502; 0.0250; 3091.25; 2020.44; 10.36;
21; 52.0663; 48.0902; 43.3605; 324.604; 302.336; 276.415; 9.5879; 6.6668; 2.8404; 2916.39; 2033.87; 838.88;
3; 2882.63; 2137.88; -6.92;
31; 2549.26; 1832.60; 752.65;
5; 46.00;
0; 09; 12:40:00; 06.05.2008; 3GC9,5;
1; 1066.49; 1018.87; 981.25; 16.6469; 16.4437; 16.2097;
2; 1099.40; 1052.01; 1021.75; 44.3543; 41.8729; 38.9878; 45.5469; 44.4983; 42.6450; 338.601; 324.903; 308.707; 8.4745; 8.0718; 7.5529; 2827.71; 2622.55; 2531.49;
21; 53.3781; 52.2841; 50.5955; 317.430; 294.106; 275.167; 9.8065; 9.1701; 8.1281; 2842.79; 2696.01; 2545.17;
3; 2877.36; 2776.74; 2687.46;
31; 2487.02; 2428.39; 2304.51;
5; 47.00;
0; 09; 12:50:00; 06.05.2008; 3GC9,5;
1; 992.75; 986.73; 981.93; 17.2035; 16.9683; 16.4084;
2; 1036.23; 1031.20; 1024.16; 42.6450; 40.8636; 39.7033; 45.8252; 45.3569; 44.9109; 338.760; 324.059; 309.343; 8.3064; 7.9810; 7.4654; 2740.12; 2586.18; 2452.71;
21; 53.4974; 52.4202; 51.5893; 428.311; 284.257; 266.590; 10.1967; 9.5281; 0.0217; 4137.82; 2700.54; 8.69;
3; 2752.87; 2739.25; 2667.42;
31; 2464.86; 2432.19; -24.86;
5; 46.00;
0; 09; 13:00:00; 06.05.2008; 3GC9,5;
1; 994.78; 988.62; 983.28; 18.0383; 17.7104; 17.1240;
2; 1049.51; 1038.60; 1031.00; 45.1096; 43.6040; 42.2077; 46.3420; 46.0406; 45.3879; 337.488; 323.064; 308.389; 8.3602; 7.9845; 7.4823; 2707.13; 2579.36; 2445.30;
21; 55.2067; 54.0756; 53.2589; 287.955; 275.288; 261.443; 10.3817; 9.8822; 9.3525; 2855.09; 2720.33; 2602.28;
3; 2760.25; 2732.11; 2671.64;
31; 2470.14; 2450.68; 2424.78;
5; 47.00;
0; 09; 13:10:00; 06.05.2008; 3GC9,5;
1; 995.46; 969.82; 857.45; 18.3165; 18.1278; 17.8395;
2; 1052.33; 1026.74; 909.49; 44.7121; 43.8493; 41.0946; 46.8985; 46.6502; 46.3420; 409.678; 320.606; 264.025; 8.7840; 7.9172; 0.0250; 2749.38; 2536.40; 10.24;
21; 55.7235; 55.2718; 54.0142; 288.111; 274.220; 258.480; 10.4591; 9.8232; 8.8109; 2882.89; 2694.00; 2460.07;
3; 2760.25; 2687.85; -6.92;
31; 2474.36; 2427.12; 2223.28;
5; 46.00;
0; 09; 13:20:00; 06.05.2008; 3GC9,5;
1; 979.22; 970.61; 944.04; 18.2370; 17.7790; 17.2432;
2; 1051.52; 1039.07; 1006.06; 43.7183; 42.0505; 40.1008; 46.5010; 46.3093; 46.0637; 337.011; 322.032; 304.573; 8.3602; 7.9911; 7.4823; 2710.03; 2573.27; 2472.84;
21; 56.0018; 54.9926; 53.8949; 287.799; 275.144; 261.443; 10.4053; 9.8750; 9.3054; 2857.40; 2716.89; 2600.44;
3; 2756.03; 2725.39; 2663.20;
31; 2473.30; 2447.03; 2405.79;
5; 31.00;
0; 09; 13:30:00; 06.05.2008; 3GC9,5;
1; 971.78; 967.21; 962.99; 17.6805; 17.5587; 17.4022;
2; 1036.23; 1030.45; 1024.16; 45.5867; 43.5565; 41.2139; 48.1706; 47.1657; 46.3817; 335.421; 320.115; 303.301; 8.2794; 7.9500; 7.4150; 2654.98; 2544.81; 2449.48;
21; 58.1087; 56.8353; 55.4055; 421.761; 276.468; 260.819; 10.2304; 9.6730; 0.0217; 4142.77; 2665.71; 7.35;
3; 2720.17; 2696.56; 2625.22;
31; 2440.60; 2401.14; -23.80;
5; 31.00;
0; 09; 13:40:00; 06.05.2008; 3GC9,5;
1; 967.04; 963.67; 957.57; 18.1973; 17.8545; 17.4022;
2; 1032.61; 1027.98; 1017.72; 47.0575; 45.6158; 43.0823; 50.1582; 49.2887; 48.1308; 404.749; 316.352; 258.460; 8.5923; 7.9266; 0.0250; 3184.64; 2505.36; 9.59;
21; 58.7844; 58.4242; 58.0689; 287.175; 273.586; 260.819; 10.2640; 9.7817; 9.1944; 2806.71; 2676.04; 2545.92;
3; 2685.35; 2655.77; -6.92;
31; 2423.72; 2410.89; 2379.41;
5; 46.00;
0; 09; 13:50:00; 06.05.2008; 3GC9,5;
1; 959.60; 952.77; 948.78; 19.1116; 18.4525; 18.0780;
2; 1026.58; 1017.91; 1012.90; 48.8861; 46.2530; 43.7183; 50.8340; 50.2968; 49.9594; 327.152; 312.764; 296.145; 8.2963; 7.9476; 7.4217; 2640.27; 2485.59; 2401.35;
21; 59.5397; 58.9566; 58.2677; 284.836; 272.072; 259.104; 10.2438; 9.7512; 9.1809; 2788.41; 2652.91; 2589.74;
3; 2664.25; 2636.68; 2580.91;
31; 2414.23; 2390.65; 2351.98;
5; 47.00;
0; 09; 14:00:00; 06.05.2008; 3GC9,5;
1; 950.13; 947.48; 944.72; 19.2706; 18.8319; 18.3960;
2; 1015.31; 1011.74; 1007.26; 48.3296; 44.8634; 41.4127; 50.9135; 50.0509; 49.1644; 327.788; 313.675; 296.622; 8.2525; 7.9168; 7.4688; 2611.91; 2483.20; 2423.14;
21; 59.5397; 58.6213; 57.6714; 419.422; 276.968; 260.196; 10.1496; 9.5232; 0.0217; 3778.22; 2629.57; 7.26;
3; 2661.09; 2634.38; 2568.25;
31; 2413.17; 2370.61; -23.80;
5; 47.00;
0; 09; 14:10:00; 06.05.2008; 3GC9,5;
1; 956.90; 948.31; 944.04; 19.4296; 19.0477; 18.5551;
2; 1014.10; 1009.42; 1005.25; 46.8985; 45.5974; 44.6326; 49.8004; 49.5491; 49.3234; 331.286; 317.110; 301.552; 8.1281; 7.8212; 7.3645; 2602.25; 2480.06; 2357.54;
21; 59.0627; 57.5984; 56.1608; 289.826; 276.068; 263.159; 10.1227; 9.6114; 8.9690; 2798.07; 2653.32; 2582.67;
3; 2643.15; 2630.18; 2579.86;
31; 2415.28; 2391.19; 2337.21;
5; 46.00;
0; 09; 14:20:00; 06.05.2008; 3GC9,5;
1; 958.25; 954.54; 950.81; 19.5091; 19.3600; 19.2706;
2; 1014.10; 1006.07; 1000.02; 46.3420; 44.9839; 43.2015; 49.8799; 49.6066; 49.4029; 406.180; 316.220; 245.580; 8.4644; 7.8162; 0.0250; 3172.16; 2469.00; 9.69;
21; 57.4329; 56.7261; 56.2403; 287.331; 274.261; 260.352; 10.1765; 9.6926; 9.1574; 2790.12; 2658.18; 2615.49;
3; 2642.10; 2618.81; -6.92;
31; 2413.17; 2395.79; 2367.81;
5; 47.00;
0; 09; 14:30:00; 06.05.2008; 3GC9,5;
1; 953.51; 949.81; 945.40; 19.5489; 18.8170; 18.4755;
2; 1002.84; 998.21; 992.38; 46.4612; 44.5506; 42.2077; 49.8799; 49.2922; 48.8464; 332.876; 317.843; 301.711; 8.1113; 7.7665; 7.2098; 2583.45; 2468.40; 2332.42;
21; 57.9099; 56.4223; 55.0477; 416.303; 276.850; 262.223; 10.0756; 9.4994; 0.0217; 2778.77; 2623.22; 7.21;
3; 2632.60; 2619.05; 2513.39;
31; 2402.62; 2364.77; -25.91;
5; 31.00;
0; 09; 14:40:00; 06.05.2008; 3GC9,5;
1; 949.46; 937.92; 927.13; 19.1911; 18.9016; 18.5948;
2; 993.99; 982.31; 971.05; 46.9780; 44.5216; 41.5717; 50.1582; 49.6417; 48.2501; 332.558; 317.018; 303.142; 7.9868; 7.6629; 7.1425; 2543.97; 2429.18; 2306.74;
21; 58.3869; 56.6548; 53.8154; 288.111; 273.894; 259.260; 9.9915; 9.5075; 9.0262; 2750.34; 2603.92; 2534.59;
3; 2595.68; 2578.58; 2519.72;
31; 2372.03; 2348.23; 2312.95;
5; 31.00;
0; 09; 14:50:00; 06.05.2008; 3GC9,5;
1; 927.81; 919.45; 912.25; 18.9923; 18.7740; 18.4755;
2; 973.06; 964.49; 954.96; 42.8040; 41.1596; 40.1406; 48.2898; 47.3592; 46.5010; 408.883; 320.121; 255.916; 8.1045; 7.5471; 0.0250; 3062.12; 2414.14; 9.59;
21; 53.8154; 52.4858; 50.9532; 290.138; 278.102; 264.874; 9.8200; 9.3834; 8.9354; 2730.52; 2609.41; 2561.33;
3; 2586.19; 2562.05; -6.92;
31; 2369.92; 2353.22; 2327.72;
5; 31.00;
0; 09; 15:00:00; 06.05.2008; 3GC9,5;
1; 912.92; 907.63; 902.10; 18.9526; 18.7957; 18.6743;
2; 956.97; 947.21; 936.45; 41.2537; 39.9575; 38.2325; 46.5407; 45.3476; 44.1158; 336.534; 322.081; 305.209; 7.7783; 7.4615; 7.0483; 2512.52; 2403.10; 2342.43;
21; 50.9930; 49.6832; 48.2501; 296.064; 281.554; 268.461; 9.6485; 9.1824; 8.6225; 2710.02; 2585.17; 2533.64;
3; 2565.09; 2551.72; 2504.95;
31; 2346.71; 2332.07; 2293.96;
5; 46.00;
0; 09; 15:10:00; 06.05.2008; 3GC9,5;
1; 905.48; 898.64; 889.24; 19.3103; 18.9600; 18.7141;
2; 939.27; 930.07; 916.73; 43.5990; 41.9024; 40.2996; 44.9506; 44.7059; 44.1556; 339.078; 324.685; 308.707; 7.6101; 7.2452; 6.7120; 2491.33; 2352.26; 2260.60;
21; 52.3843; 51.1353; 49.2836; 423.009; 285.410; 264.718; 9.4904; 8.7693; 0.0217; 3372.96; 2495.79; 7.32;
3; 2535.55; 2498.79; 2416.34;
31; 2306.62; 2252.65; -25.91;
5; 47.00;
0; 09; 15:20:00; 06.05.2008; 3GC9,5;
1; 891.95; 879.02; 862.18; 19.4694; 19.3343; 19.2308;
2; 919.95; 907.41; 889.78; 41.6114; 40.8302; 39.8623; 44.9109; 44.5141; 43.9568; 341.145; 325.245; 309.661; 7.4083; 7.0751; 6.5472; 2407.07; 2301.03; 2216.99;
21; 51.2712; 50.6730; 49.8004; 294.505; 280.739; 267.837; 9.2684; 8.8295; 8.2458; 2600.60; 2478.66; 2378.71;
3; 2474.36; 2445.98; 2377.30;
31; 2259.15; 2238.27; 2192.68;
5; 47.00;
0; 09; 15:30:00; 06.05.2008; 3GC9,5;
1; 864.21; 853.04; 835.80; 19.3103; 19.1434; 18.6346;
2; 892.59; 880.90; 864.43; 39.9816; 38.1150; 35.8473; 43.9966; 42.8834; 41.4922; 411.268; 328.883; 252.736; 7.5193; 6.8520; 0.0250; 2842.90; 2251.26; 10.29;
21; 49.8004; 47.7881; 46.5407; 297.000; 282.903; 268.773; 9.0766; 8.6381; 8.1214; 2581.10; 2443.53; 2395.46;
3; 2418.45; 2393.96; -6.92;
31; 2221.17; 2206.97; 2173.69;
5; 31.00;
0; 09; 15:40:00; 06.05.2008; 3GC9,5;
1; 836.48; 825.51; 814.15; 18.6743; 18.5539; 18.4755;
2; 867.65; 854.35; 841.90; 37.2387; 35.6985; 35.1318; 41.4922; 40.2148; 39.1865; 348.141; 332.380; 316.498; 7.0113; 6.6961; 6.1940; 2343.74; 2225.50; 2094.65;
21; 46.8587; 45.8712; 45.0301; 432.054; 288.301; 266.122; 8.8344; 8.2646; 0.0217; 2761.26; 2376.14; 7.45;
3; 2389.96; 2367.19; 2263.37;
31; 2182.13; 2147.27; -24.86;
5; 47.00;
0; 09; 15:50:00; 06.05.2008; 3GC9,5;
1; 814.15; 797.20; 785.06; 18.7141; 18.5288; 18.2768;
2; 843.51; 826.91; 814.54; 38.3517; 36.9974; 35.2510; 39.9021; 39.5809; 39.2263; 347.664; 331.095; 315.067; 6.7725; 6.5082; 6.0325; 2278.55; 2154.73; 2078.82;
21; 46.5407; 45.9784; 45.5867; 304.330; 289.923; 275.947; 8.4274; 7.9786; 7.4587; 2443.71; 2313.00; 2228.85;
3; 2340.38; 2294.56; 2231.72;
31; 2128.33; 2091.60; 2048.15;
5; 47.00;
0; 09; 16:00:00; 06.05.2008; 3GC9,5;
1; 791.83; 780.16; 764.09; 18.7141; 18.6091; 18.4358;
2; 820.57; 809.22; 793.61; 37.8747; 36.4030; 35.3703; 39.3058; 39.0271; 38.7493; 416.515; 331.236; 253.372; 6.8802; 6.3686; 0.0217; 2689.54; 2107.79; 8.51;
21; 45.9444; 45.0805; 44.3543; 304.174; 289.973; 275.167; 8.2694; 7.8518; 7.3073; 2388.94; 2276.73; 2206.75;
3; 2288.68; 2245.44; -6.92;
31; 2089.30; 2059.93; 2003.84;
5; 47.00;
0; 09; 16:10:00; 06.05.2008; 3GC9,5;
1; 764.09; 740.90; 620.67; 18.9128; 18.6727; 18.3165;
2; 794.42; 769.70; 641.12; 38.8288; 36.4683; 33.4224; 39.7033; 39.2388; 38.2722; 353.866; 332.507; 314.590; 6.4328; 6.0550; 5.0705; 2159.87; 2012.93; 1685.44;
21; 46.2227; 45.4279; 44.1158; 307.761; 291.019; 276.726; 7.9868; 7.4461; 6.2612; 2322.08; 2166.98; 1799.05;
3; 2209.56; 2146.96; 1803.40;
31; 2017.56; 1962.34; 1633.55;
5; 47.00;
0; 09; 16:20:00; 06.05.2008; 3GC9,5;
1; 726.20; 708.33; 649.76; 18.6743; 18.4199; 18.1178;
2; 754.18; 735.88; 674.92; 35.4498; 34.7006; 33.6212; 38.5107; 38.1094; 37.9145; 351.163; 333.929; 318.407; 6.1334; 5.8115; 5.3867; 2049.48; 1940.63; 1781.97;
21; 45.4674; 44.1225; 43.3208; 430.807; 292.349; 260.663; 7.9902; 7.1170; 0.0217; 3069.57; 2075.50; 8.53;
3; 2126.22; 2071.64; 1905.73;
31; 1938.44; 1881.35; -22.75;
5; 47.00;
0; 09; 16:30:00; 06.05.2008; 3GC9,5;
1; 712.67; 693.18; 679.52; 18.7936; 18.5823; 18.3563;
2; 740.91; 718.74; 703.49; 35.4498; 34.4801; 33.5417; 38.5505; 37.6902; 37.0001; 416.515; 335.295; 248.919; 6.0258; 5.6555; 0.0250; 2357.12; 1894.89; 10.41;
21; 45.4674; 43.6220; 42.1680; 307.605; 291.348; 273.919; 7.4284; 7.0203; 6.5774; 2175.72; 2045.17; 1988.79;
3; 2079.80; 2023.58; -6.92;
31; 1890.96; 1854.34; 1809.73;
5; 47.00;
0; 09; 16:40:00; 06.05.2008; 3GC9,5;
1; 682.91; 655.59; 592.25; 19.2308; 18.8554; 18.5551;
2; 707.51; 675.94; 608.13; 35.6486; 35.0702; 34.1777; 37.3579; 37.1276; 37.0001; 355.297; 337.921; 318.884; 5.7500; 5.2994; 4.7072; 1948.77; 1790.87; 1614.50;
21; 43.0823; 42.6483; 42.0487; 309.476; 294.401; 278.910; 7.1493; 6.5582; 5.6894; 2111.06; 1930.81; 1694.86;
3; 1997.51; 1913.94; 1728.50;
31; 1826.61; 1752.00; 1587.13;
5; 47.00;
0; 09; 16:50:00; 06.05.2008; 3GC9,5;
1; 638.26; 537.85; 390.65; 19.3103; 19.0030; 18.7141;
2; 654.00; 549.06; 398.10; 35.4101; 33.1876; 30.1627; 37.1194; 36.3046; 34.6945; 351.640; 334.297; 313.159; 5.1512; 4.3766; 3.1734; 1736.84; 1463.98; 1059.30;
21; 42.1282; 39.8925; 36.6026; 427.220; 297.449; 253.334; 6.5572; 5.4165; 0.0217; 1948.61; 1606.51; 8.69;
3; 1857.20; 1567.72; 1132.44;
31; 1698.96; 1458.51; -26.97;
5; 31.00;
0; 09; 17:00:00; 06.05.2008; 3GC9,5;
1; 586.16; 483.48; 320.97; 18.8333; 18.5828; 18.2370;
2; 590.83; 486.39; 326.89; 31.2361; 30.3778; 29.6460; 34.6945; 33.6946; 32.9454; 352.594; 334.526; 316.021; 4.7611; 3.9325; 2.6991; 1604.53; 1315.41; 906.63;
21; 36.6026; 35.8139; 34.6945; 320.705; 302.976; 285.616; 5.6457; 4.8526; 4.2027; 1724.32; 1470.45; 1288.70;
3; 1719.00; 1409.75; 968.92;
31; 1566.03; 1335.31; 1168.31;
5; 47.00;
0; 09; 17:10:00; 06.05.2008; 3GC9,5;
1; 567.22; 489.14; 310.14; 18.8731; 18.7253; 18.5948;
2; 548.18; 476.89; 316.42; 30.0037; 29.6497; 29.2882; 32.9454; 32.3404; 31.9516; 413.971; 339.610; 239.856; 4.4314; 3.8102; 0.0250; 1540.72; 1293.89; 10.35;
21; 34.7343; 34.1589; 33.6212; 325.539; 308.199; 289.826; 5.3564; 4.6556; 4.1220; 1657.69; 1434.83; 1266.65;
3; 1607.18; 1386.36; -7.98;
31; 1448.93; 1302.84; 1148.27;
5; 46.00;
0; 09; 17:20:00; 06.05.2008; 3GC9,5;
1; 463.71; 336.34; 229.64; 18.6743; 18.4207; 18.0383;
2; 437.94; 314.71; 212.22; 29.5267; 26.5525; 24.0409; 31.9914; 30.3287; 28.2944; 361.180; 342.250; 323.495; 3.4829; 2.4856; 1.4613; 1192.59; 850.27; 517.84;
21; 33.6609; 30.8207; 27.9764; 433.302; 309.480; 251.774; 4.3978; 3.1346; 0.0183; 1556.44; 967.08; 6.16;
3; 1279.08; 904.75; 546.94;
31; 1196.79; 877.30; -15.36;
5; 46.00;
0; 09; 17:30:00; 06.05.2008; 3GC9,5;
1; 543.54; 411.61; 277.67; 18.0780; 17.9166; 17.7203;
2; 503.92; 377.34; 250.44; 26.1875; 25.2680; 23.6831; 28.3341; 27.7163; 26.4658; 361.339; 343.919; 325.403; 4.0782; 3.0303; 1.9726; 1403.59; 1041.62; 679.84;
21; 28.8112; 28.1027; 26.3863; 325.851; 307.811; 289.203; 5.0201; 3.7245; 2.5478; 1509.63; 1145.12; 795.36;
3; 1504.84; 1113.73; 718.89;
31; 1355.04; 1044.60; 721.00;
5; 47.00;
0; 09; 17:40:00; 06.05.2008; 3GC9,5;
1; 304.05; 241.68; 220.17; 17.7600; 17.5447; 17.3625;
2; 273.37; 219.02; 198.94; 23.8024; 22.1835; 21.4172; 26.5055; 25.0124; 23.6831; 411.904; 346.039; 240.015; 2.1542; 1.7102; 0.0250; 746.55; 591.32; 10.29;
21; 26.3863; 24.3283; 22.8483; 332.713; 315.898; 299.963; 2.7092; 2.1822; 1.9255; 849.42; 689.23; 629.36;
3; 791.69; 620.79; -9.03;
31; 775.86; 619.39; 560.65;
5; 47.00;
0; 09; 17:50:00; 06.05.2008; 3GC9,5;
1; 241.14; 235.55; 228.96; 17.4420; 17.2576; 17.0842;
2; 220.67; 214.51; 208.19; 21.5365; 21.1687; 20.7812; 23.7229; 22.9558; 22.2123; 367.699; 350.315; 331.286; 1.7607; 1.6688; 1.4882; 614.64; 584.55; 545.09;
21; 22.8881; 22.2211; 21.8943; 336.456; 318.173; 300.119; 2.2787; 2.1095; 1.9087; 714.37; 671.14; 639.50;
3; 631.33; 613.00; 569.09;
31; 621.84; 602.88; 557.48;
5; 47.00;
0; 09; 18:00:00; 06.05.2008; 3GC9,5;
1; 239.78; 228.33; 213.40; 17.1637; 17.0392; 16.9252;
2; 217.45; 206.48; 191.29; 20.9402; 20.6191; 20.2644; 22.2520; 21.7652; 21.2582; 370.085; 350.818; 331.445; 1.7439; 1.6060; 1.3570; 611.53; 563.31; 493.12;
21; 21.9340; 21.5832; 21.0595; 424.880; 318.977; 247.252; 2.3527; 2.0110; 0.0183; 714.58; 640.75; 7.44;
3; 626.06; 589.36; 521.62;
31; 613.40; 576.55; -17.47;
5; 47.00;
0; 09; 18:10:00; 06.05.2008; 3GC9,5;
1; 214.08; 199.37; 187.69; 16.9650; 16.7086; 16.4879;
2; 191.29; 176.48; 164.74; 20.3042; 19.5879; 19.0718; 21.2980; 20.6736; 20.0656; 367.381; 350.525; 333.353; 1.4983; 1.3634; 1.1619; 522.81; 477.87; 425.03;
21; 21.0595; 20.3856; 19.7476; 338.951; 321.346; 303.394; 1.8549; 1.7104; 1.5017; 596.02; 549.59; 506.88;
3; 541.66; 494.41; 431.94;
31; 537.44; 490.73; 450.93;
5; 47.00;
0; 09; 18:20:00; 06.05.2008; 3GC9,5;
1; 188.37; 175.08; 164.01; 16.5277; 16.3370; 16.2097;
2; 164.74; 153.06; 143.01; 19.0718; 18.7928; 18.5948; 20.1054; 19.6229; 19.2308; 410.632; 349.721; 239.538; 1.3738; 1.1702; 0.0217; 507.10; 408.76; 8.44;
21; 19.7874; 19.2820; 18.8333; 345.189; 324.518; 308.541; 1.6429; 1.4618; 1.2393; 531.51; 474.23; 426.21;
3; 459.37; 417.11; -9.03;
31; 459.37; 419.27; 371.81;
5; 47.00;
0; 09; 18:30:00; 06.05.2008; 3GC9,5;
1; 164.69; 155.97; 146.43; 16.2494; 16.1714; 16.0109;
2; 143.41; 134.54; 124.91; 18.6743; 18.1984; 17.6805; 19.2706; 18.8710; 18.4358; 369.608; 348.925; 330.332; 1.1317; 1.0271; 0.8727; 397.14; 358.38; 317.55;
21; 18.8731; 18.4662; 18.0383; 416.771; 324.201; 226.978; 1.4478; 1.2768; 0.0183; 495.25; 413.39; 4.15;
3; 387.64; 360.54; 312.73;
31; 395.02; 361.78; -18.53;
5; 31.00;
0; 09; 18:40:00; 06.05.2008; 3GC9,5;
1; 146.43; 139.36; 132.22; 16.0507; 15.9018; 15.8121;
2; 125.31; 117.89; 111.23; 17.7203; 17.4022; 17.2035; 18.4755; 18.0204; 17.6408; 365.314; 347.849; 330.332; 0.9803; 0.8964; 0.7684; 342.53; 311.80; 278.75;
21; 18.0780; 17.6595; 17.3227; 341.758; 322.677; 308.073; 1.2359; 1.1199; 0.9904; 399.65; 361.38; 332.30;
3; 331.72; 308.15; 264.20;
31; 342.27; 312.39; 276.86;
5; 31.00;
0; 09; 18:50:00; 06.05.2008; 3GC9,5;
1; 132.89; 123.69; 113.28; 15.8519; 15.7404; 15.6134;
2; 111.23; 102.48; 93.12; 17.2432; 16.9618; 16.6072; 17.6805; 17.3665; 17.0445; 403.636; 345.209; 235.563; 0.8861; 0.7733; 0.0217; 308.21; 266.80; 5.38;
21; 17.3227; 17.0033; 16.6072; 338.327; 318.519; 302.926; 1.1081; 0.9805; 0.8289; 356.70; 312.33; 276.86;
3; 320.12; 263.63; -9.03;
31; 295.85; 265.96; 232.56;
5; 31.00;
0; 09; 19:00:00; 06.05.2008; 3GC9,5;
1; 113.95; 109.48; 103.13; 15.6531; 15.5572; 15.4544;
2; 93.52; 88.82; 82.26; 16.6469; 16.4103; 16.0904; 17.0445; 16.7555; 16.4084; 364.201; 345.876; 326.834; 0.7247; 0.6610; 0.5632; 248.25; 228.62; 204.58;
21; 16.6469; 16.3399; 16.0109; 331.465; 315.190; 298.404; 0.9332; 0.8544; 0.7415; 293.61; 269.28; 242.07;
3; 245.21; 227.07; 195.63;
31; 242.05; 225.30; 192.47;
5; 31.00;
0; 09; 19:10:00; 06.05.2008; 3GC9,5;
1; 103.80; 92.69; 79.45; 15.4941; 15.3836; 15.2556;
2; 82.66; 73.27; 62.94; 16.1302; 15.8842; 15.5339; 16.4482; 16.1636; 15.8121; 361.657; 341.388; 321.905; 0.6238; 0.5431; 0.4388; 213.42; 185.45; 155.91;
21; 16.0507; 15.6997; 15.2954; 405.386; 315.168; 196.099; 0.9265; 0.6956; 0.0183; 298.91; 218.83; 3.59;
3; 207.24; 174.78; 141.83;
31; 290.58; 177.29; -19.58;
5; 46.00;
0; 09; 19:20:00; 06.05.2008; 3GC9,5;
1; 80.13; 70.03; 62.54; 15.2954; 15.1904; 15.1364;
2; 62.94; 56.55; 52.08; 15.5736; 15.3132; 15.0966; 15.8519; 15.5405; 15.2159; 359.749; 339.593; 322.223; 0.4858; 0.4066; 0.3378; 166.13; 138.10; 119.08;
21; 15.3351; 14.9640; 14.6196; 335.520; 317.264; 301.835; 0.6103; 0.5190; 0.4320; 194.01; 164.66; 142.66;
3; 149.21; 121.60; 80.64;
31; 149.21; 125.44; 88.02;
5; 47.00;
0; 09; 19:30:00; 06.05.2008; 3GC9,5;
1; 62.54; 58.31; 53.07; 15.1364; 15.0418; 14.9376;
2; 52.48; 49.19; 44.84; 15.0966; 14.9296; 14.7388; 15.2556; 15.0120; 14.7388; 391.392; 333.881; 199.786; 0.4421; 0.3517; 0.0217; 140.85; 117.25; 6.34;
21; 14.6593; 14.4072; 14.1425; 328.970; 315.212; 300.119; 0.4959; 0.4395; 0.3950; 153.63; 138.54; 124.59;
3; 252.60; 98.75; -10.09;
31; 115.45; 102.62; 89.08;
5; 47.00;
0; 09; 19:40:00; 06.05.2008; 3GC9,5;
1; 53.07; 46.83; 39.53; 14.9773; 14.9082; 14.8183;
2; 45.24; 40.34; 34.38; 14.7786; 14.5535; 14.3016; 14.7786; 14.5580; 14.3016; 335.580; 335.461; 335.262; 0.3177; 0.2771; 0.2268; 106.60; 92.95; 76.05;
21; 14.2220; 13.9499; 13.6258; 315.558; 315.367; 315.246; 0.3950; 0.3445; 0.2840; 124.65; 108.65; 89.54;
3; 90.13; 73.49; 54.27;
31; 90.13; 71.55; 55.32;
5; 47.00;
0; 09; 19:50:00; 06.05.2008; 3GC9,5;
1; 40.21; 33.29; 26.00; 14.8581; 14.7118; 14.5003;
2; 34.38; 29.16; 23.11; 14.3413; 14.0005; 13.6655; 14.3413; 14.0725; 13.7848; 381.056; 366.689; 162.577; 0.2336; 0.0647; 0.0183; 77.22; 22.40; 5.16;
21; 13.6655; 13.3384; 12.9897; 376.379; 347.315; 197.971; 0.2840; 0.1206; 0.0149; 89.58; 39.10; 5.42;
3; 117.56; 6.70; -10.09;
31; 93.30; 11.75; -6.92;
5; 47.00;
0; 09; 20:00:00; 06.05.2008; 3GC9,5;
1; 26.68; 20.56; 13.83; 14.5401; 14.4146; 14.2618;
2; 23.51; 18.01; 12.65; 13.7053; 13.4622; 13.1487; 13.8245; 13.5317; 13.2282; 371.357; 352.554; 198.513; 0.1730; 0.0382; 0.0183; 48.25; 12.77; 6.08;
21; 13.0295; 12.7230; 12.3934; 364.995; 337.683; 164.129; 0.2605; 0.0513; 0.0149; 70.00; 15.70; 4.11;
3; 27.89; -1.62; -2.70;
31; 163.98; -4.85; -19.58;
5; 47.00;
0; 09; 20:10:00; 06.05.2008; 3GC9,5;
1; 14.50; 9.30; 5.03; 14.3016; 14.1506; 13.9835;
2; 12.65; 8.92; 5.41; 13.1885; 12.8685; 12.5524; 13.2282; 12.9364; 12.5922; 347.982; 320.556; 198.990; 0.0957; 0.0232; 0.0183; 22.85; 7.27; 4.93;
21; 12.4332; 12.1194; 11.7972; 341.290; 321.392; 204.989; 0.1158; 0.0219; 0.0149; 27.96; 6.78; 4.70;
3; -0.59; -1.46; -2.70;
31; -4.81; -5.67; -6.92;
5; 47.00;
0; 09; 20:20:00; 06.05.2008; 3GC9,5;
1; 5.71; 2.58; -0.38; 14.0233; 13.8609; 13.7053;
2; 5.81; 3.49; 1.38; 12.5922; 12.3957; 12.1549; 12.6320; 12.3402; 12.0357; 285.174; 228.087; 133.638; 0.0351; 0.0203; 0.0048; 7.14; 4.59; 1.06;
21; 11.8369; 11.5721; 11.2804; 305.110; 265.100; 135.746; 0.0587; 0.0214; 0.0183; 13.51; 5.57; 3.85;
3; -0.59; -1.39; -2.70;
31; -4.81; -5.63; -6.92;
5; 47.00;
0; 09; 20:30:00; 06.05.2008; 3GC9,5;
1; 0.30; -0.92; -2.41; 13.7450; 13.5681; 13.4270;
2; 1.79; 0.81; -0.23; 12.2344; 12.0209; 11.8369; 12.0754; 11.8318; 11.5984; 219.185; 178.601; 134.592; 0.0082; 0.0070; 0.0048; 1.80; 1.25; 0.65;
21; 11.3201; 11.1111; 10.8828; 229.785; 208.352; 134.655; 0.0284; 0.0111; 0.0015; 5.04; 2.15; 0.32;
3; -0.59; -1.43; -2.70;
31; -4.81; -5.55; -6.92;
5; 31.00;
0; 09; 20:40:00; 06.05.2008; 3GC9,5;
1; -1.06; -2.11; -3.09; 13.4668; 13.3435; 13.1885;
2; 0.18; -0.31; -1.03; 11.8767; 11.7089; 11.5189; 11.5984; 11.4186; 11.2406; 134.433; 91.998; 45.546; 0.0082; 0.0066; 0.0048; 1.10; 0.61; 0.22;
21; 10.9226; 10.7344; 10.5648; 219.492; 177.000; 115.317; 0.0015; 0.0001; -0.0019; 0.32; 0.03; -0.41;
3; -0.59; -1.43; -1.65;
31; -4.81; -5.51; -5.87;
5; 47.00;
0; 09; 20:50:00; 06.05.2008; 3GC9,5;
1; -1.73; -2.33; -3.09; 13.2282; 13.1294; 13.0295;
2; -0.23; -0.83; -1.03; 11.5984; 11.4327; 11.3201; 11.2406; 11.0832; 10.9226; 45.387; 22.691; 7.384; 0.0082; 0.0066; 0.0048; 0.37; 0.15; 0.04;
21; 10.6046; 10.3987; 10.2468; 115.161; 66.722; 27.672; 0.0015; -0.0004; -0.0019; 0.17; -0.03; -0.22;
3; -0.59; -1.53; -1.65;
31; -4.81; -5.68; -6.92;
5; 47.00;
0; 09; 21:00:00; 06.05.2008; 3GC9,5;
1; -1.73; -2.33; -3.09; 13.0295; 12.9415; 12.8307;
2; -0.63; -0.91; -1.03; 11.3996; 11.3209; 11.2406; 10.9624; 10.8542; 10.7636; 7.384; 3.678; 1.501; 0.0082; 0.0068; 0.0048; 0.06; 0.03; 0.01;
21; 10.2866; 10.2248; 10.1276; 27.672; 13.964; 5.215; 0.0015; -0.0002; -0.0019; 0.04; 0.00; -0.05;
3; -0.59; -1.53; -1.65;
31; -4.81; -5.68; -6.92;
5; 47.00;
0; 09; 21:10:00; 06.05.2008; 3GC9,5;
1; -1.73; -2.34; -3.09; 12.9102; 12.8017; 12.7115;
2; -0.63; -0.90; -1.03; 11.3201; 11.1281; 11.0021; 10.8033; 10.6802; 10.5648; 1.501; 0.893; 0.547; 0.0082; 0.0067; 0.0048; 0.01; 0.01; 0.00;
21; 10.2071; 10.0604; 9.9288; 5.371; 2.878; 1.316; 0.0015; -0.0001; -0.0019; 0.01; 0.00; -0.01;
3; -0.59; -1.58; -2.70;
31; -4.81; -5.70; -6.92;
5; 47.00;
0; 09; 21:20:00; 06.05.2008; 3GC9,5;
1; -1.73; -2.33; -3.09; 12.7512; 12.6937; 12.5922;
2; -0.63; -0.86; -1.03; 11.0419; 10.9193; 10.8033; 10.6046; 10.4894; 10.3661; 0.547; 0.421; 0.229; 0.0082; 0.0068; 0.0048; 0.00; 0.00; 0.00;
21; 9.9685; 9.8559; 9.7300; 1.472; 1.010; 0.692; 0.0015; 0.0000; -0.0019; 0.00; 0.00; 0.00;
3; -0.59; -1.55; -1.65;
31; -4.81; -5.69; -6.92;
5; 47.00;
0; 09; 21:30:00; 06.05.2008; 3GC9,5;
1; -1.73; -2.35; -3.09; 12.6717; 12.5885; 12.5127;
2; -0.63; -0.83; -1.03; 10.8431; 10.7186; 10.6443; 10.4058; 10.2987; 10.2071; 0.388; 0.327; 0.229; 0.0082; 0.0067; 0.0048; 0.00; 0.00; 0.00;
21; 9.7698; 9.6827; 9.5710; 0.848; 0.629; 0.536; 0.0015; 0.0000; -0.0019; 0.00; 0.00; 0.00;
3; -0.59; -1.57; -2.70;
31; -4.81; -5.66; -5.87;
5; 47.00;
0; 09; 21:40:00; 06.05.2008; 3GC9,5;
1; -1.73; -2.35; -3.09; 12.5524; 12.4687; 12.3934;
2; -0.63; -0.81; -1.03; 10.6841; 10.5239; 10.3263; 10.2468; 10.1169; 9.9685; 0.388; 0.271; 0.229; 0.0082; 0.0066; 0.0048; 0.00; 0.00; 0.00;
21; 9.6108; 9.4703; 9.3325; 0.536; 0.507; 0.380; 0.0015; 0.0000; -0.0019; 0.00; 0.00; 0.00;
3; -0.59; -1.58; -1.65;
31; -4.81; -5.60; -5.87;
5; 47.00;
0; 09; 21:50:00; 06.05.2008; 3GC9,5;
1; -1.73; -2.35; -3.09; 12.3934; 12.3177; 12.1947;
2; -0.63; -0.77; -1.03; 10.4456; 10.3711; 10.2866; 10.0083; 9.9012; 9.7698; 0.388; 0.257; 0.229; 0.0082; 0.0067; 0.0048; 0.00; 0.00; 0.00;
21; 9.3723; 9.2739; 9.1735; 0.536; 0.431; 0.380; 0.0015; -0.0002; -0.0019; 0.00; 0.00; 0.00;
3; -0.59; -1.54; -1.65;
31; -4.81; -5.61; -6.92;
5; 47.00;
0; 09; 22:00:00; 06.05.2008; 3GC9,5;
1; -1.73; -2.35; -3.09; 12.2344; 12.0505; 11.8767;
2; -0.63; -0.75; -1.03; 10.3661; 10.3242; 10.2468; 9.8095; 9.7532; 9.6903; 0.388; 0.251; 0.229; 0.0082; 0.0067; 0.0048; 0.00; 0.00; 0.00;
21; 9.2133; 9.1506; 9.0940; 0.536; 0.402; 0.380; 0.0015; 0.0000; -0.0019; 0.00; 0.00; 0.00;
3; -0.59; -1.51; -1.65;
31; -4.81; -5.59; -6.92;
5; 47.00;
0; 09; 22:10:00; 06.05.2008; 3GC9,5;
1; -1.73; -2.35; -3.09; 11.9164; 11.8392; 11.7972;
2; -0.63; -0.72; -1.03; 10.2866; 10.2114; 10.1276; 9.7300; 9.6499; 9.6108; 0.388; 0.248; 0.229; 0.0082; 0.0069; 0.0048; 0.00; 0.00; 0.00;
21; 9.1337; 9.1003; 9.0542; 0.536; 0.390; 0.380; 0.0015; 0.0000; -0.0019; 0.00; 0.00; 0.00;
3; -0.59; -1.52; -1.65;
31; -4.81; -5.58; -5.87;
5; 31.00;
0; 09; 22:20:00; 06.05.2008; 3GC9,5;
1; -1.73; -2.35; -3.09; 11.8369; 11.7384; 11.5984;
2; -0.23; -0.70; -1.03; 10.2866; 10.1461; 9.9685; 9.6505; 9.6129; 9.5313; 0.388; 0.242; 0.229; 0.0082; 0.0067; 0.0048; 0.00; 0.00; 0.00;
21; 9.1337; 9.0685; 8.9747; 0.536; 0.381; 0.224; 0.0015; 0.0000; -0.0019; 0.00; 0.00; 0.00;
3; -0.59; -1.51; -1.65;
31; -4.81; -5.61; -5.87;
5; 31.00;
0; 09; 22:30:00; 06.05.2008; 3GC9,5;
1; -1.73; -2.35; -3.09; 11.6381; 11.5165; 11.3996;
2; -0.23; -0.68; -1.03; 10.0480; 9.8713; 9.7300; 9.5710; 9.4485; 9.3325; 0.388; 0.237; 0.229; 0.0082; 0.0067; 0.0048; 0.00; 0.00; 0.00;
21; 9.0145; 8.8623; 8.6965; 0.536; 0.378; 0.224; 0.0015; 0.0000; -0.0019; 0.00; 0.00; 0.00;
3; -0.59; -1.52; -1.65;
31; -4.81; -5.60; -5.87;
5; 47.00;
0; 09; 22:40:00; 06.05.2008; 3GC9,5;
1; -1.73; -2.36; -3.09; 11.4394; 11.3061; 11.1611;
2; -0.23; -0.66; -1.03; 9.7698; 9.6204; 9.4518; 9.3723; 9.2343; 9.0940; 0.388; 0.237; 0.229; 0.0082; 0.0068; 0.0048; 0.00; 0.00; 0.00;
21; 8.7362; 8.6309; 8.4977; 0.380; 0.373; 0.224; 0.0015; -0.0001; -0.0019; 0.00; 0.00; 0.00;
3; -0.59; -1.49; -1.65;
31; -4.81; -5.67; -5.87;
5; 31.00;
0; 09; 22:50:00; 06.05.2008; 3GC9,5;
1; -1.73; -2.37; -3.09; 11.2009; 11.0463; 10.9226;
2; -0.23; -0.65; -1.03; 9.5313; 9.3178; 9.0940; 9.1337; 8.9763; 8.7760; 0.388; 0.234; 0.229; 0.0082; 0.0068; 0.0048; 0.00; 0.00; 0.00;
21; 8.5375; 8.3105; 8.0604; 0.380; 0.371; 0.224; 0.0015; -0.0001; -0.0019; 0.00; 0.00; 0.00;
3; -0.59; -1.54; -1.65;
31; -4.81; -5.66; -6.92;
5; 31.00;
0; 09; 23:00:00; 06.05.2008; 3GC9,5;
1; -1.73; -2.36; -3.09; 10.9624; 10.8203; 10.6443;
2; -0.23; -0.63; -1.03; 9.1337; 8.9529; 8.6965; 8.8157; 8.6367; 8.4182; 0.388; 0.233; 0.229; 0.0082; 0.0067; 0.0048; 0.00; 0.00; 0.00;
21; 8.1002; 7.8725; 7.5834; 0.380; 0.363; 0.224; 0.0015; -0.0001; -0.0019; 0.00; 0.00; 0.00;
3; -0.59; -1.47; -1.65;
31; -4.81; -5.62; -5.87;
5; 47.00;
