0; 09; 03:50:00; 20.04.2008; 3GC9,5;
1; -1.06; -2.35; -3.09; 9.7698; 9.6953; -62.5000;
2; 0.18; -0.32; -328.95; 8.4182; 8.3057; -62.5000; 7.7424; 7.6598; -62.5000; 0.547; 0.334; -130.000; 0.0082; 0.0050; -2.7500; 357.50; 0.21; -1.07;
21; 7.4641; 7.4352; 7.3846; 1.004; 0.894; -127.500; 0.0015; -0.0005; -2.7500; 350.62; 0.04; -2.76;
3; -0.59; -2.03; -862.50;
31; -4.81; -6.02; -862.50;
5; 46.00;
0; 09; 04:00:00; 20.04.2008; 3GC9,5;
1; -1.73; -2.28; -3.09; 9.8095; 9.7612; 9.7300;
2; 0.18; -0.24; -0.63; 8.4977; 8.3967; 8.3387; 7.7822; 7.7289; 7.6629; 0.547; 0.385; 0.229; 0.0082; 0.0069; 0.0048; 0.00; 0.00; 0.00;
21; 7.6629; 7.5315; 7.4244; 1.004; 0.785; 0.536; 0.0015; 0.0003; -0.0019; 0.00; 0.00; 0.00;
3; -0.59; -1.34; -1.65;
31; -4.81; -5.68; -6.92;
5; 47.00;
0; 09; 04:10:00; 20.04.2008; 3GC9,5;
1; -1.73; -2.31; -3.09; 9.8095; 9.7651; 9.6903;
2; 0.18; -0.24; -0.63; 8.5375; 8.4457; 8.3785; 7.8219; 7.7992; 7.7424; 0.547; 0.387; 0.229; 0.0082; 0.0070; 0.0048; 0.00; 0.00; 0.00;
21; 7.7027; 7.6373; 7.5834; 0.848; 0.791; 0.536; 0.0015; 0.0004; -0.0019; 0.00; 0.00; 0.00;
3; -0.59; -1.36; -1.65;
31; -4.81; -5.64; -6.92;
5; 47.00;
0; 09; 04:20:00; 20.04.2008; 3GC9,5;
1; -1.73; -2.32; -3.09; 9.8493; 9.7432; 9.6505;
2; 0.18; -0.23; -0.63; 8.5772; 8.4574; 8.3785; 7.9014; 7.8350; 7.7822; 0.388; 0.269; 0.229; 0.0082; 0.0070; 0.0048; 0.00; 0.00; 0.00;
21; 7.6629; 7.6075; 7.5834; 0.692; 0.503; 0.380; 0.0015; 0.0003; -0.0019; 0.00; 0.00; 0.00;
3; -0.59; -1.31; -1.65;
31; -4.81; -5.76; -6.92;
5; 47.00;
0; 09; 04:30:00; 20.04.2008; 3GC9,5;
1; -1.06; -1.95; -2.41; 9.8493; 9.7744; 9.6903;
2; 0.18; -0.24; -0.63; 8.8555; 8.6610; 8.4977; 8.1399; 7.9795; 7.8617; 0.388; 0.373; 0.229; 0.0082; 0.0069; 0.0048; 0.00; 0.00; 0.00;
21; 7.9412; 7.7952; 7.6232; 0.848; 0.641; 0.536; 0.0015; 0.0003; -0.0019; 0.00; 0.00; 0.00;
3; -0.59; -1.39; -1.65;
31; -4.81; -5.76; -6.92;
5; 47.00;
0; 09; 04:40:00; 20.04.2008; 3GC9,5;
1; -1.06; -1.73; -2.41; 9.8890; 9.8302; 9.7698;
2; 0.18; -0.24; -0.63; 8.8952; 8.8253; 8.7362; 8.2592; 8.1907; 8.1002; 0.388; 0.372; 0.229; 0.0082; 0.0070; 0.0048; 0.00; 0.00; 0.00;
21; 8.0207; 7.9442; 7.8617; 0.692; 0.632; 0.536; 0.0015; 0.0002; -0.0019; 0.00; 0.00; 0.00;
3; -0.59; -1.46; -1.65;
31; -4.81; -5.67; -6.92;
5; 31.00;
0; 09; 04:50:00; 20.04.2008; 3GC9,5;
1; -1.06; -1.87; -2.41; 10.0083; 9.8618; 9.7698;
2; 0.18; -0.24; -0.63; 8.8952; 8.7483; 8.6170; 8.2592; 8.2162; 8.1797; 0.388; 0.365; 0.229; 0.0082; 0.0069; 0.0048; 0.00; 0.00; 0.00;
21; 8.0207; 7.9254; 7.8219; 0.692; 0.588; 0.536; 0.0015; 0.0003; -0.0019; 0.00; 0.00; 0.00;
3; -0.59; -1.34; -1.65;
31; -4.81; -5.58; -6.92;
5; 31.00;
0; 09; 05:00:00; 20.04.2008; 3GC9,5;
1; -1.06; -1.92; -2.41; 10.2468; 10.1179; 9.8890;
2; 0.18; -0.25; -0.63; 8.8952; 8.7949; 8.6567; 8.2194; 8.2029; 8.1797; 0.388; 0.333; 0.229; 0.0082; 0.0069; 0.0048; 0.00; 0.00; 0.00;
21; 7.9412; 7.8512; 7.7822; 0.692; 0.538; 0.380; 0.0015; 0.0003; -0.0019; 0.00; 0.00; 0.00;
3; -0.59; -1.26; -1.65;
31; -4.81; -5.60; -6.92;
5; 31.00;
0; 09; 05:10:00; 20.04.2008; 3GC9,5;
1; -1.73; -2.28; -3.09; 10.2866; 10.1182; 9.7698;
2; 0.18; -0.25; -0.63; 8.8555; 8.5874; 8.2194; 8.2194; 8.1210; 7.9412; 0.388; 0.295; 0.229; 0.0082; 0.0069; 0.0048; 0.00; 0.00; 0.00;
21; 7.8617; 7.7270; 7.5039; 0.536; 0.520; 0.380; 0.0015; 0.0003; -0.0019; 0.00; 0.00; 0.00;
3; -0.59; -1.35; -1.65;
31; -4.81; -5.64; -6.92;
5; 47.00;
0; 09; 05:20:00; 20.04.2008; 3GC9,5;
1; -1.73; -2.37; -3.09; 9.8095; 9.5876; 9.4915;
2; 0.18; -0.26; -0.63; 8.2592; 8.1738; 8.1002; 7.9809; 7.8127; 7.7027; 0.388; 0.266; 0.229; 0.0082; 0.0069; 0.0048; 0.00; 0.00; 0.00;
21; 7.5437; 7.4675; 7.3846; 0.536; 0.457; 0.380; 0.0015; 0.0003; -0.0019; 0.00; 0.00; 0.00;
3; -0.59; -1.32; -1.65;
31; -4.81; -5.63; -6.92;
5; 47.00;
0; 09; 05:30:00; 20.04.2008; 3GC9,5;
1; -1.73; -2.37; -3.09; 9.6505; 9.5811; 9.4915;
2; 0.18; -0.26; -0.63; 8.2989; 8.2169; 8.1399; 7.7424; 7.6901; 7.6232; 0.388; 0.247; 0.229; 0.0082; 0.0067; 0.0048; 0.00; 0.00; 0.00;
21; 7.5437; 7.4836; 7.3846; 0.536; 0.446; 0.380; 0.0015; 0.0002; -0.0019; 0.00; 0.00; 0.00;
3; -0.59; -1.37; -1.65;
31; -4.81; -5.66; -6.92;
5; 47.00;
0; 09; 05:40:00; 20.04.2008; 3GC9,5;
1; -1.73; -2.38; -3.09; 9.5313; 9.3294; 9.1735;
2; 0.18; -0.25; -0.63; 8.1797; 8.0013; 7.8617; 7.6629; 7.5498; 7.4244; 0.388; 0.272; 0.229; 0.0082; 0.0068; 0.0048; 0.00; 0.00; 0.00;
21; 7.4244; 7.2461; 7.1064; 0.692; 0.570; 0.380; 0.0015; 0.0004; -0.0019; 0.00; 0.00; 0.00;
3; -0.59; -1.38; -1.65;
31; -4.81; -5.67; -6.92;
5; 47.00;
0; 09; 05:50:00; 20.04.2008; 3GC9,5;
1; -1.73; -2.37; -3.09; 9.2133; 9.1197; 9.0145;
2; 0.18; -0.25; -0.63; 7.9014; 7.8334; 7.7424; 7.4641; 7.3755; 7.2654; 0.706; 0.442; 0.229; 0.0082; 0.0068; 0.0048; 0.01; 0.00; 0.00;
21; 7.1461; 7.0486; 6.9474; 2.096; 1.111; 0.692; 0.0015; 0.0002; -0.0019; 0.00; 0.00; 0.00;
3; -0.59; -1.33; -1.65;
31; -4.81; -5.68; -6.92;
5; 47.00;
0; 09; 06:00:00; 20.04.2008; 3GC9,5;
1; -1.73; -2.35; -3.09; 9.2530; 9.1801; 9.0542;
2; 0.18; -0.24; -0.63; 8.0604; 7.9173; 7.7822; 7.3449; 7.3032; 7.2654; 3.886; 1.619; 0.706; 0.0082; 0.0069; 0.0048; 0.03; 0.01; 0.00;
21; 7.1461; 7.0299; 6.9474; 12.544; 5.302; 1.940; 0.0015; 0.0003; -0.0019; 0.02; 0.00; -0.02;
3; -0.59; -1.34; -1.65;
31; -4.81; -5.60; -6.92;
5; 31.00;
0; 09; 06:10:00; 20.04.2008; 3GC9,5;
1; -1.73; -2.37; -3.09; 9.2530; 9.1738; 9.0940;
2; 0.18; -0.20; -0.63; 8.0207; 7.8625; 7.7424; 7.3449; 7.2988; 7.2256; 30.600; 12.025; 3.727; 0.0082; 0.0069; 0.0048; 0.25; 0.08; 0.02;
21; 7.1461; 7.0203; 6.9076; 83.814; 36.674; 12.544; 0.0015; 0.0005; -0.0019; 0.12; 0.02; -0.16;
3; -0.59; -1.36; -1.65;
31; -4.81; -5.59; -5.87;
5; 47.00;
0; 09; 06:20:00; 20.04.2008; 3GC9,5;
1; -1.06; -1.74; -3.09; 9.4915; 9.3680; 9.2133;
2; 0.98; 0.26; -0.23; 8.2592; 7.9917; 7.7424; 7.3846; 7.3309; 7.2256; 126.800; 71.350; 30.600; 0.0082; 0.0072; 0.0048; 1.04; 0.52; 0.15;
21; 7.0269; 6.9325; 6.8281; 216.061; 154.895; 83.970; 0.0048; 0.0010; -0.0019; 1.05; 0.16; -0.40;
3; -0.59; -1.28; -1.65;
31; -4.81; -5.58; -5.87;
5; 31.00;
0; 09; 06:30:00; 20.04.2008; 3GC9,5;
1; 0.97; -0.96; -1.73; 9.3325; 9.1670; 8.9747;
2; 2.99; 1.64; 0.58; 7.8219; 7.6350; 7.5039; 7.3051; 7.1750; 7.0269; 219.662; 180.015; 126.800; 0.0116; 0.0080; 0.0048; 2.54; 1.45; 0.62;
21; 6.8679; 6.7080; 6.5896; 247.875; 208.191; 134.499; 0.0317; 0.0146; 0.0015; 6.58; 2.92; 0.32;
3; -0.59; -1.26; -1.65;
31; -4.81; -5.57; -5.87;
5; 31.00;
0; 09; 06:40:00; 20.04.2008; 3GC9,5;
1; 9.77; 4.03; 0.30; 9.0145; 8.9380; 8.8952;
2; 9.03; 5.06; 2.59; 7.9014; 7.7250; 7.5834; 7.1859; 7.0807; 7.0269; 328.742; 243.892; 133.161; 0.0519; 0.0225; 0.0116; 11.67; 5.43; 2.54;
21; 6.9076; 6.7304; 6.6293; 330.686; 295.606; 196.411; 0.0687; 0.0202; 0.0149; 15.98; 5.92; 4.84;
3; -0.59; -1.19; -1.65;
31; -4.81; -5.53; -5.87;
5; 31.00;
0; 09; 06:50:00; 20.04.2008; 3GC9,5;
1; 24.65; 18.30; 9.09; 9.0542; 8.9771; 8.9350;
2; 20.70; 15.86; 8.63; 8.4977; 8.1595; 7.8617; 7.6232; 7.3551; 7.1461; 375.173; 350.354; 178.637; 0.1663; 0.0367; 0.0183; 45.08; 12.03; 4.47;
21; 7.6232; 7.2241; 6.8679; 362.500; 334.622; 182.376; 0.1966; 0.0504; 0.0149; 52.58; 15.67; 4.96;
3; 169.26; -1.00; -10.09;
31; 185.08; -5.19; -19.58;
5; 46.00;
0; 09; 07:00:00; 20.04.2008; 3GC9,5;
1; 32.77; 28.34; 23.30; 9.1735; 9.1116; 9.0145;
2; 24.72; 22.28; 18.68; 8.6965; 8.5973; 8.4580; 8.0604; 7.8297; 7.6232; 381.056; 361.377; 187.065; 0.2033; 0.0632; 0.0183; 58.98; 21.70; 6.16;
21; 8.0604; 7.8280; 7.5834; 374.196; 359.124; 186.742; 0.2403; 0.0482; 0.0149; 66.18; 16.29; 5.34;
3; 220.95; -0.79; -10.09;
31; 204.07; -5.13; -19.58;
5; 47.00;
0; 09; 07:10:00; 20.04.2008; 3GC9,5;
1; 63.89; 44.83; 32.09; 9.1337; 9.0099; 8.8952;
2; 45.24; 33.30; 23.51; 9.1735; 8.8080; 8.6567; 8.6170; 8.2706; 8.0604; 389.961; 339.318; 168.143; 0.3547; 0.1871; 0.0183; 107.12; 58.91; 6.95;
21; 8.6965; 8.2730; 8.0207; 394.626; 370.467; 167.560; 0.4858; 0.0889; 0.0149; 142.21; 31.02; 3.07;
3; 138.66; 35.43; -10.09;
31; 210.40; 0.82; -19.58;
5; 47.00;
0; 09; 07:20:00; 20.04.2008; 3GC9,5;
1; 90.95; 79.82; 63.21; 9.3325; 9.0475; 8.8952;
2; 56.91; 51.12; 43.63; 10.1276; 9.6200; 9.1337; 9.4915; 8.9968; 8.5772; 349.095; 320.925; 227.453; 0.4421; 0.3931; 0.3177; 149.64; 126.24; 99.03;
21; 9.7300; 9.1665; 8.6965; 345.033; 314.316; 230.097; 0.5397; 0.4309; 0.3345; 158.28; 135.40; 106.80;
3; 131.28; 111.31; 55.32;
31; 115.45; 99.58; 20.51;
5; 31.00;
0; 09; 07:30:00; 20.04.2008; 3GC9,5;
1; 71.33; 48.54; 29.39; 9.6505; 9.4945; 9.2928;
2; 44.03; 29.64; 21.10; 10.1673; 10.0505; 9.9685; 9.9685; 9.7447; 9.4518; 386.781; 358.107; 188.655; 0.3177; 0.1225; 0.0183; 107.05; 41.70; 6.18;
21; 9.8493; 9.7897; 9.6903; 381.370; 348.669; 162.570; 0.3345; 0.1144; 0.0149; 106.85; 37.20; 3.52;
3; 134.44; 21.77; -1.65;
31; 116.51; 10.66; -19.58;
5; 46.00;
0; 09; 07:40:00; 20.04.2008; 3GC9,5;
1; 51.71; 34.23; 25.33; 9.8890; 9.7201; 9.6108;
2; 48.06; 29.91; 20.29; 10.5251; 10.1171; 9.9288; 10.3263; 10.0662; 9.9288; 396.321; 360.806; 163.054; 0.4018; 0.0822; 0.0183; 146.13; 27.74; 6.04;
21; 10.2468; 9.8973; 9.7698; 396.185; 370.059; 167.092; 0.3042; 0.0412; 0.0149; 85.02; 14.50; 3.06;
3; 240.99; 3.36; -10.09;
31; 94.35; -4.86; -19.58;
5; 47.00;
0; 09; 07:50:00; 20.04.2008; 3GC9,5;
1; 51.71; 40.32; 34.12; 10.2866; 10.0773; 9.8493;
2; 48.86; 40.78; 34.38; 11.0816; 10.7777; 10.4853; 10.8431; 10.5536; 10.3263; 307.435; 307.337; 307.117; 0.3748; 0.3079; 0.2571; 115.24; 94.64; 78.96;
21; 10.8828; 10.5178; 10.2071; 393.690; 333.835; 174.110; 0.4724; 0.2577; 0.0149; 156.73; 80.39; 3.77;
3; 99.63; 76.01; 58.49;
31; 131.28; 40.56; -19.58;
5; 47.00;
0; 09; 08:00:00; 20.04.2008; 3GC9,5;
1; 89.60; 57.46; 45.62; 10.5648; 10.4106; 10.2468;
2; 81.85; 57.01; 48.46; 11.3599; 11.2196; 11.0419; 11.2406; 11.0485; 10.8033; 353.389; 321.494; 231.746; 0.6305; 0.4322; 0.3580; 212.58; 139.58; 99.34;
21; 11.2009; 11.0635; 10.8431; 335.520; 300.213; 224.639; 0.8424; 0.5624; 0.3883; 250.72; 168.72; 121.64;
3; 208.29; 126.62; 36.33;
31; 211.46; 132.22; 34.22;
5; 31.00;
0; 09; 08:10:00; 20.04.2008; 3GC9,5;
1; 117.33; 102.04; 89.60; 11.2009; 10.7880; 10.5251;
2; 97.14; 89.01; 81.85; 12.5922; 11.8763; 11.3201; 11.9959; 11.5422; 11.2009; 361.657; 341.912; 319.679; 0.7684; 0.6845; 0.6069; 258.31; 234.03; 212.48;
21; 12.3139; 11.6169; 11.1611; 327.255; 303.861; 282.653; 0.9904; 0.8959; 0.7852; 305.07; 272.16; 248.71;
3; 258.93; 233.11; 201.96;
31; 252.60; 231.41; 196.69;
5; 47.00;
0; 09; 08:20:00; 20.04.2008; 3GC9,5;
1; 128.16; 108.75; 82.16; 11.7176; 11.5294; 11.2009;
2; 111.23; 95.78; 89.10; 13.7450; 13.3627; 12.5524; 13.1487; 12.5721; 11.9562; 366.745; 348.356; 331.604; 0.8592; 0.7240; 0.6137; 296.67; 252.19; 222.62;
21; 13.7450; 13.1316; 12.2742; 328.502; 312.513; 297.312; 1.0745; 0.9379; 0.8222; 338.73; 293.11; 267.79;
3; 304.29; 253.37; 207.24;
31; 293.74; 251.06; 210.40;
5; 47.00;
0; 09; 08:30:00; 20.04.2008; 3GC9,5;
1; 131.54; 117.53; 106.51; 11.7972; 11.7113; 11.5984;
2; 114.04; 99.61; 90.30; 13.9040; 13.7677; 13.5860; 13.7848; 13.4770; 13.1487; 409.042; 348.332; 197.718; 0.8558; 0.7515; 0.0217; 303.15; 261.62; 4.95;
21; 14.1823; 13.9617; 13.7450; 415.835; 318.304; 176.138; 1.1922; 0.9777; 0.0183; 406.71; 310.90; 3.22;
3; 311.68; 264.21; -10.09;
31; 312.73; 267.96; -19.58;
5; 46.00;
0; 09; 08:40:00; 20.04.2008; 3GC9,5;
1; 143.72; 130.56; 112.60; 11.9959; 11.7850; 11.6381;
2; 124.50; 114.50; 97.14; 14.3811; 14.1944; 13.8245; 14.3811; 14.0987; 13.7848; 374.855; 352.776; 334.308; 0.9769; 0.8657; 0.6608; 345.81; 305.47; 241.49;
21; 14.8183; 14.5381; 14.1425; 344.721; 324.186; 308.073; 1.2662; 1.0968; 0.8289; 411.95; 355.48; 283.17;
3; 347.55; 313.42; 234.67;
31; 348.60; 310.18; 235.72;
5; 31.00;
0; 09; 08:50:00; 20.04.2008; 3GC9,5;
1; 125.45; 116.92; 111.92; 12.2344; 12.0918; 11.9562;
2; 106.40; 100.09; 95.94; 14.4208; 14.2815; 14.1823; 14.6196; 14.4789; 14.3413; 366.904; 348.482; 330.332; 0.8390; 0.7565; 0.6675; 292.37; 263.64; 242.35;
21; 14.9376; 14.8190; 14.7388; 339.575; 319.633; 303.082; 1.0812; 0.9643; 0.8458; 343.71; 308.17; 284.56;
3; 289.52; 266.30; 229.39;
31; 287.41; 265.19; 230.45;
5; 46.00;
0; 09; 09:00:00; 20.04.2008; 3GC9,5;
1; 164.69; 138.79; 118.69; 12.5922; 12.2682; 12.1549;
2; 125.71; 110.83; 100.36; 15.3749; 14.6319; 14.3016; 15.1364; 14.7764; 14.5798; 367.063; 349.270; 330.173; 0.9904; 0.8459; 0.6877; 349.95; 295.44; 251.54;
21; 15.6134; 15.0469; 14.8183; 419.734; 316.337; 243.197; 1.4243; 1.0976; 0.0183; 500.63; 346.89; 7.68;
3; 351.77; 302.16; 245.21;
31; 351.77; 302.31; -17.47;
5; 31.00;
0; 09; 09:10:00; 20.04.2008; 3GC9,5;
1; 227.61; 182.68; 164.69; 13.1885; 12.8994; 12.5524;
2; 189.68; 147.26; 125.31; 17.2035; 16.2244; 15.3749; 16.4482; 15.6932; 15.1364; 413.971; 354.673; 239.538; 1.4613; 1.1244; 0.0217; 527.33; 398.67; 8.96;
21; 17.5215; 16.4010; 15.5736; 345.657; 324.845; 308.541; 1.8683; 1.4392; 1.1855; 610.25; 467.68; 397.72;
3; 561.70; 417.91; -10.09;
31; 529.00; 416.80; 344.38;
5; 31.00;
0; 09; 09:20:00; 20.04.2008; 3GC9,5;
1; 511.07; 314.75; 214.75; 13.8245; 13.3761; 13.1487;
2; 446.38; 270.29; 184.05; 22.7291; 18.9432; 17.2035; 19.7874; 17.6155; 16.4482; 380.102; 356.355; 337.806; 3.6006; 2.1348; 1.3671; 1279.38; 761.88; 505.67;
21; 22.7688; 19.3031; 17.5215; 345.657; 319.433; 301.991; 4.2531; 2.6408; 1.7439; 1324.87; 839.72; 587.17;
3; 1385.63; 819.72; 530.06;
31; 1214.73; 765.65; 529.00;
5; 31.00;
0; 09; 09:30:00; 20.04.2008; 3GC9,5;
1; 523.25; 387.35; 289.17; 14.9773; 14.5032; 13.7848;
2; 470.93; 344.60; 252.05; 25.9092; 24.6034; 22.7688; 23.2061; 21.8621; 19.7874; 380.420; 357.132; 338.283; 3.7183; 2.6836; 1.8111; 1328.20; 959.60; 674.30;
21; 26.3863; 25.2476; 22.8086; 330.530; 314.651; 295.753; 4.5458; 3.3375; 2.4906; 1437.29; 1050.24; 796.02;
3; 1438.38; 1037.41; 724.17;
31; 1269.59; 961.73; 725.22;
5; 46.00;
0; 09; 09:40:00; 20.04.2008; 3GC9,5;
1; 540.84; 361.28; 281.73; 15.4941; 15.0901; 14.8978;
2; 497.89; 328.03; 255.67; 24.1999; 23.6419; 22.8881; 24.3987; 23.8469; 23.1663; 416.674; 353.567; 242.400; 3.9168; 2.5543; 0.0217; 1400.96; 903.10; 7.61;
21; 26.5055; 26.1649; 25.7900; 432.834; 314.555; 251.618; 4.7106; 3.1786; 0.0217; 1467.37; 998.49; 7.25;
3; 1516.45; 975.88; -9.03;
31; 1345.54; 913.86; -16.42;
5; 47.00;
0; 09; 09:50:00; 20.04.2008; 3GC9,5;
1; 586.84; 344.86; 303.38; 16.1302; 15.8025; 15.4544;
2; 543.35; 308.93; 268.95; 25.8297; 24.3733; 23.7626; 25.6310; 24.8187; 24.3589; 371.516; 351.985; 333.831; 4.3742; 2.4141; 1.9019; 1528.37; 850.19; 685.86;
21; 27.4993; 26.4507; 26.0683; 334.896; 314.685; 295.753; 4.9158; 3.0071; 2.4872; 1606.85; 946.70; 817.45;
3; 1651.48; 917.93; 751.60;
31; 1432.05; 865.98; 738.94;
5; 47.00;
0; 09; 10:00:00; 20.04.2008; 3GC9,5;
1; 604.43; 401.31; 315.56; 17.4022; 16.6530; 16.1302;
2; 569.10; 361.41; 275.39; 28.4931; 26.9179; 25.3527; 27.5788; 26.5418; 25.5912; 370.403; 347.320; 327.470; 4.6400; 2.8616; 2.0096; 1610.20; 994.56; 721.27;
21; 30.2422; 28.9800; 27.4596; 331.154; 311.346; 294.037; 5.2925; 3.5101; 2.6117; 1637.11; 1093.26; 842.56;
3; 1715.84; 1075.58; 781.14;
31; 1500.62; 1001.50; 767.42;
5; 47.00;
0; 09; 10:10:00; 20.04.2008; 3GC9,5;
1; 451.54; 307.88; 287.82; 17.9985; 17.7033; 17.3625;
2; 447.99; 273.18; 254.46; 28.1354; 27.7527; 27.3006; 28.1751; 27.8448; 27.5391; 361.339; 343.376; 324.449; 3.5871; 2.1486; 1.8683; 1244.27; 737.75; 648.80;
21; 30.4013; 30.2174; 30.0435; 418.954; 310.166; 243.197; 4.3305; 2.6958; 0.0183; 1340.41; 834.31; 7.57;
3; 1332.89; 793.33; 712.56;
31; 1227.39; 761.66; -17.47;
5; 47.00;
0; 09; 10:20:00; 20.04.2008; 3GC9,5;
1; 419.74; 322.05; 300.67; 18.3563; 18.1589; 17.9588;
2; 397.30; 281.86; 264.52; 28.0161; 27.5865; 27.2211; 28.6124; 28.2681; 28.0956; 408.883; 336.652; 238.425; 3.2070; 2.2565; 0.0217; 1078.26; 759.26; 8.84;
21; 30.6795; 30.2840; 30.0832; 338.015; 315.040; 298.404; 3.6578; 2.7785; 2.2989; 1147.97; 874.45; 775.26;
3; 1168.31; 819.69; -9.03;
31; 1052.26; 796.32; 692.52;
5; 46.00;
0; 09; 10:30:00; 20.04.2008; 3GC9,5;
1; 788.44; 400.93; 358.18; 19.1116; 18.7182; 18.3165;
2; 787.58; 367.91; 324.07; 31.3553; 29.3779; 28.0161; 30.2025; 29.3537; 28.6124; 368.495; 347.265; 323.495; 5.7634; 2.8758; 2.3359; 2093.55; 999.60; 851.09;
21; 33.3429; 31.8099; 30.6398; 324.448; 304.262; 284.680; 6.8230; 3.7335; 3.2272; 2156.24; 1136.50; 1004.01;
3; 2246.49; 1079.03; 914.06;
31; 1952.15; 1041.34; 926.72;
5; 31.00;
0; 09; 10:40:00; 20.04.2008; 3GC9,5;
1; 800.62; 594.79; 375.77; 20.2644; 19.5396; 19.0718;
2; 789.19; 590.69; 365.11; 39.4648; 35.1232; 31.3951; 35.3703; 32.6239; 30.2025; 374.696; 354.865; 334.626; 5.8240; 4.3629; 2.3897; 2093.55; 1549.17; 877.54;
21; 41.4524; 37.1140; 33.3827; 326.007; 307.131; 289.358; 7.0719; 5.5133; 3.6107; 2160.49; 1694.15; 1133.19;
3; 2246.49; 1668.02; 956.26;
31; 1957.43; 1547.85; 1045.93;
5; 46.00;
0; 09; 10:50:00; 20.04.2008; 3GC9,5;
1; 755.97; 526.79; 292.55; 20.7414; 20.5366; 20.2644;
2; 790.40; 543.79; 297.11; 41.0151; 38.5006; 36.6821; 38.0337; 36.9345; 35.3703; 415.720; 321.846; 242.559; 6.6245; 4.2587; 0.0250; 2425.81; 1376.88; 10.39;
21; 43.7183; 42.7227; 41.4524; 415.211; 319.706; 241.481; 6.7053; 4.6453; 0.0183; 2125.67; 1482.13; 7.07;
3; 2164.20; 1483.97; -2.70;
31; 1878.30; 1351.56; -26.97;
5; 31.00;
0; 09; 11:00:00; 20.04.2008; 3GC9,5;
1; 747.18; 620.97; 299.32; 20.7812; 20.6297; 20.4632;
2; 781.14; 648.34; 303.15; 37.9542; 36.5528; 34.6150; 40.7369; 38.9858; 37.9145; 316.975; 294.296; 265.774; 6.5640; 5.4262; 2.5444; 1984.99; 1603.83; 728.43;
21; 47.5345; 44.5816; 42.4065; 337.548; 313.748; 297.936; 7.0450; 5.6839; 2.6789; 2159.38; 1781.87; 880.46;
3; 2109.34; 1727.37; 787.47;
31; 1906.79; 1622.21; 807.51;
5; 47.00;
0; 09; 11:10:00; 20.04.2008; 3GC9,5;
1; 748.53; 735.45; 722.14; 21.2980; 20.8029; 20.4632;
2; 777.52; 766.14; 752.57; 40.8164; 38.5276; 36.4039; 43.7580; 42.1940; 40.7369; 335.421; 314.239; 290.103; 6.4227; 6.2341; 5.8778; 2077.59; 1958.75; 1848.61;
21; 52.0265; 49.8291; 47.5345; 320.237; 298.334; 277.194; 7.6807; 6.9697; 6.1435; 2201.65; 2078.36; 1960.67;
3; 2132.55; 2097.20; 1977.47;
31; 1931.05; 1890.13; 1784.41;
5; 47.00;
0; 09; 11:20:00; 20.04.2008; 3GC9,5;
1; 766.79; 756.78; 718.09; 21.2185; 20.9757; 20.7812;
2; 800.05; 786.85; 734.87; 40.9754; 38.1021; 36.0858; 45.3481; 44.3942; 43.7580; 337.965; 322.292; 306.640; 6.5102; 6.2451; 5.8374; 2113.44; 2012.69; 1882.31;
21; 53.3384; 52.6452; 51.9868; 418.954; 287.553; 257.856; 8.3400; 7.4759; 0.0217; 3029.81; 2144.94; 7.26;
3; 2176.86; 2151.25; 2015.45;
31; 1986.96; 1943.19; -25.91;
5; 47.00;
0; 09; 11:30:00; 20.04.2008; 3GC9,5;
1; 772.88; 765.56; 745.15; 22.0533; 21.7311; 21.1390;
2; 815.74; 805.54; 778.73; 44.5133; 43.1131; 40.9356; 47.5345; 46.4474; 45.3084; 405.703; 322.060; 243.354; 6.7053; 6.2877; 0.0250; 2525.19; 2023.23; 10.14;
21; 55.3657; 54.4271; 53.2589; 293.725; 279.039; 264.718; 8.2996; 7.8582; 7.2939; 2294.14; 2192.49; 2113.36;
3; 2187.41; 2160.54; -6.92;
31; 2005.95; 1985.75; 1938.44;
5; 31.00;
0; 09; 11:40:00; 20.04.2008; 3GC9,5;
1; 791.15; 780.28; 769.50; 22.3315; 21.9832; 21.8147;
2; 836.67; 824.14; 812.12; 46.1829; 43.6232; 41.8102; 48.8066; 48.0122; 47.5345; 334.626; 320.649; 304.891; 6.7456; 6.4421; 6.0123; 2163.94; 2065.56; 1968.10;
21; 56.0415; 55.4638; 55.2067; 291.854; 278.269; 264.250; 8.4981; 8.0538; 7.5663; 2356.50; 2241.01; 2148.74;
3; 2222.22; 2204.97; 2147.32;
31; 2044.99; 2028.37; 1980.63;
5; 46.00;
0; 09; 11:50:00; 20.04.2008; 3GC9,5;
1; 814.15; 802.33; 772.21; 23.1266; 22.7853; 22.2918;
2; 860.40; 848.42; 810.92; 48.6873; 47.0212; 45.3481; 50.1184; 49.5710; 48.8066; 334.785; 319.394; 302.029; 6.9676; 6.5846; 6.0729; 2219.64; 2102.93; 2017.49;
21; 57.5919; 56.8804; 56.0018; 412.092; 277.007; 254.893; 8.7806; 8.2127; 0.0217; 3436.04; 2269.63; 7.67;
3; 2271.81; 2243.56; 2154.70;
31; 2089.30; 2052.95; -24.86;
5; 47.00;
0; 09; 12:00:00; 20.04.2008; 3GC9,5;
1; 874.36; 839.74; 805.36; 23.6434; 23.3159; 22.9676;
2; 919.55; 884.40; 849.54; 51.5098; 48.7289; 46.5010; 51.9073; 50.7763; 50.0787; 401.409; 316.887; 243.990; 7.4755; 6.8556; 0.0250; 2680.29; 2170.30; 10.04;
21; 60.3745; 58.6470; 57.4726; 292.478; 277.856; 267.213; 9.0598; 8.4243; 7.7278; 2505.86; 2340.38; 2231.31;
3; 2397.35; 2313.78; -6.92;
31; 2180.02; 2115.60; 2043.93;
5; 31.00;
0; 09; 12:10:00; 20.04.2008; 3GC9,5;
1; 875.71; 853.66; 839.18; 24.7167; 24.1240; 23.6036;
2; 922.77; 902.25; 888.17; 52.9408; 52.2044; 51.3110; 53.7359; 52.8172; 51.8675; 327.788; 313.424; 298.212; 7.3645; 7.0034; 6.5102; 2334.62; 2194.94; 2061.79;
21; 61.1696; 60.7110; 60.3348; 287.487; 273.086; 258.636; 9.1708; 8.7056; 8.1819; 2509.20; 2377.26; 2314.97;
3; 2397.35; 2338.67; 2269.70;
31; 2184.24; 2148.21; 2108.29;
5; 46.00;
0; 09; 12:20:00; 20.04.2008; 3GC9,5;
1; 873.68; 867.46; 860.15; 24.7167; 24.2593; 23.3253;
2; 920.76; 916.37; 910.30; 52.5433; 48.6673; 42.3270; 54.5707; 54.1742; 53.6166; 327.311; 312.422; 298.689; 7.4453; 7.1100; 6.5741; 2338.74; 2221.20; 2133.68;
21; 61.9646; 61.4655; 60.7323; 284.368; 270.408; 256.921; 9.3928; 8.9452; 8.3568; 2561.87; 2418.72; 2332.46;
3; 2394.18; 2365.27; 2293.96;
31; 2212.73; 2184.37; 2140.99;
5; 31.00;
0; 09; 12:30:00; 20.04.2008; 3GC9,5;
1; 861.51; 854.64; 824.30; 23.3651; 23.0630; 22.8483;
2; 930.82; 922.46; 913.92; 47.9320; 43.4249; 40.6574; 53.6564; 53.1323; 52.8613; 398.865; 313.100; 244.944; 7.8354; 7.1880; 0.0250; 2869.23; 2248.54; 9.97;
21; 61.5274; 60.7796; 60.4540; 413.496; 274.138; 257.544; 9.4904; 8.9179; 0.0217; 3492.44; 2437.00; 7.14;
3; 2417.39; 2393.13; -7.98;
31; 2226.44; 2200.01; -24.86;
5; 46.00;
0; 09; 12:40:00; 20.04.2008; 3GC9,5;
1; 860.15; 853.47; 850.01; 24.1204; 23.6621; 23.1266;
2; 939.27; 929.92; 924.38; 51.3110; 46.9031; 41.3729; 54.0937; 53.7722; 53.3384; 328.265; 312.430; 295.986; 7.5697; 7.2253; 6.7221; 2376.54; 2257.29; 2181.18;
21; 62.0441; 61.7179; 61.4478; 284.680; 271.647; 257.544; 9.5341; 9.0425; 8.4880; 2586.18; 2456.26; 2401.80;
3; 2438.49; 2402.02; 2336.16;
31; 2250.71; 2217.52; 2178.97;
5; 47.00;
0; 09; 12:50:00; 20.04.2008; 3GC9,5;
1; 864.89; 858.73; 846.62; 23.6831; 23.3290; 23.1266;
2; 952.95; 941.40; 926.79; 48.1308; 44.5741; 41.3729; 54.2527; 53.9419; 53.6564; 327.947; 313.495; 299.166; 7.6807; 7.2944; 6.7288; 2414.52; 2286.64; 2198.13;
21; 62.0839; 61.6669; 61.3286; 282.497; 269.147; 256.609; 9.7191; 9.2438; 8.6965; 2617.33; 2487.81; 2392.66;
3; 2464.86; 2431.98; 2350.93;
31; 2270.75; 2245.46; 2201.12;
5; 47.00;
0; 09; 13:00:00; 20.04.2008; 3GC9,5;
1; 870.30; 862.18; 851.36; 23.5241; 23.4164; 23.2856;
2; 961.39; 950.32; 936.85; 45.9047; 43.0485; 40.8561; 54.0937; 53.7626; 53.0601; 327.152; 311.459; 295.668; 7.7917; 7.4431; 6.8970; 2438.81; 2318.15; 2203.56;
21; 62.1236; 61.7398; 61.1298; 415.211; 272.052; 256.921; 9.7796; 9.2157; 0.0217; 3271.42; 2499.86; 7.21;
3; 2504.95; 2464.72; 2400.51;
31; 2306.62; 2255.24; -24.86;
5; 46.00;
0; 09; 13:10:00; 20.04.2008; 3GC9,5;
1; 869.63; 867.14; 863.54; 23.8421; 23.5645; 23.3651;
2; 963.41; 959.27; 954.55; 46.1432; 44.1869; 42.5655; 53.6961; 53.1533; 52.9408; 400.773; 314.573; 252.736; 8.0844; 7.4094; 0.0250; 2987.91; 2328.57; 10.02;
21; 62.0044; 61.3068; 60.9708; 285.616; 273.358; 261.287; 9.7292; 9.2749; 8.7403; 2659.41; 2535.27; 2468.88;
3; 2502.84; 2473.74; -6.92;
31; 2305.56; 2285.66; 2248.60;
5; 47.00;
0; 09; 13:20:00; 20.04.2008; 3GC9,5;
1; 870.98; 854.36; 795.21; 23.8819; 23.7232; 23.5241;
2; 966.22; 960.07; 954.15; 45.1891; 42.7211; 39.9021; 53.7359; 53.3004; 52.7023; 327.788; 312.850; 297.258; 7.8186; 7.4916; 6.9811; 2457.63; 2343.62; 2221.36;
21; 62.0839; 61.2760; 60.5733; 281.873; 269.029; 256.297; 9.8738; 9.4576; 8.9623; 2669.39; 2544.28; 2464.12;
3; 2507.06; 2489.98; 2431.10;
31; 2303.45; 2294.09; 2274.97;
5; 31.00;
0; 09; 13:30:00; 20.04.2008; 3GC9,5;
1; 867.60; 862.50; 850.01; 24.0409; 23.8398; 23.5639;
2; 964.21; 958.32; 952.54; 43.1618; 41.9947; 40.3393; 52.7023; 52.1857; 51.7085; 327.947; 313.681; 299.802; 7.7951; 7.5101; 7.0147; 2474.74; 2355.67; 2297.11;
21; 60.7721; 60.4413; 60.1758; 285.616; 272.128; 257.544; 9.8503; 9.3399; 8.7739; 2678.21; 2541.46; 2457.51;
3; 2518.67; 2502.38; 2434.27;
31; 2307.67; 2291.34; 2259.15;
5; 47.00;
0; 09; 13:40:00; 20.04.2008; 3GC9,5;
1; 861.51; 848.23; 835.80; 24.1601; 23.7961; 23.4048;
2; 964.61; 957.42; 945.30; 43.5990; 39.1506; 36.4834; 51.8278; 50.9048; 49.4029; 406.657; 317.083; 250.192; 8.1180; 7.4717; 0.0250; 3085.59; 2366.93; 10.17;
21; 60.6528; 59.6559; 57.7906; 413.028; 275.470; 258.792; 9.9175; 9.2762; 0.0217; 3811.37; 2547.20; 8.94;
3; 2557.70; 2512.76; -6.92;
31; 2347.76; 2295.90; -22.75;
5; 47.00;
0; 09; 13:50:00; 20.04.2008; 3GC9,5;
1; 847.30; 841.83; 837.15; 23.5241; 23.3647; 23.2061;
2; 962.20; 955.99; 950.93; 38.1530; 36.4927; 35.1318; 49.4029; 48.5371; 47.8923; 338.601; 322.535; 305.527; 7.7850; 7.4522; 6.9138; 2518.86; 2403.43; 2293.99;
21; 57.8304; 57.3517; 56.9956; 290.138; 277.697; 265.810; 9.7359; 9.3274; 8.8109; 2697.41; 2590.10; 2501.90;
3; 2560.87; 2550.03; 2487.02;
31; 2349.87; 2334.00; 2301.34;
5; 47.00;
0; 09; 14:00:00; 20.04.2008; 3GC9,5;
1; 862.18; 856.78; 843.92; 23.6036; 23.3077; 23.1266;
2; 960.99; 955.57; 949.73; 38.1530; 36.0215; 34.0585; 47.9320; 47.3634; 46.8587; 338.760; 324.207; 308.071; 7.7581; 7.4366; 6.9441; 2522.11; 2410.87; 2342.43;
21; 57.3534; 56.7350; 56.1608; 290.138; 276.330; 263.471; 9.8335; 9.3807; 8.8445; 2725.37; 2592.05; 2499.16;
3; 2572.47; 2556.95; 2494.40;
31; 2347.76; 2335.87; 2308.73;
5; 47.00;
0; 09; 14:10:00; 20.04.2008; 3GC9,5;
1; 853.39; 841.30; 730.26; 23.5639; 23.3565; 23.2061;
2; 954.15; 947.42; 936.85; 40.6176; 37.7640; 35.9268; 47.6140; 47.0531; 46.8190; 338.760; 322.237; 305.209; 7.7211; 7.4106; 6.9306; 2505.06; 2387.88; 2282.81;
21; 57.3534; 56.4510; 55.8825; 420.202; 278.814; 261.599; 9.7662; 9.1718; 0.0217; 2705.23; 2550.48; 7.25;
3; 2557.70; 2533.61; 2469.08;
31; 2337.21; 2298.89; -24.86;
5; 46.00;
0; 09; 14:20:00; 20.04.2008; 3GC9,5;
1; 837.15; 811.79; 741.09; 23.6831; 23.5561; 23.4446;
2; 939.27; 932.56; 924.78; 40.9754; 38.5782; 36.4039; 48.1706; 47.7213; 47.4948; 407.293; 320.334; 241.287; 7.9296; 7.2840; 0.0250; 2981.71; 2331.04; 10.19;
21; 57.5919; 57.2386; 56.8366; 289.514; 277.289; 264.874; 9.5509; 9.1168; 8.5990; 2653.65; 2527.88; 2460.11;
3; 2503.90; 2474.81; -6.92;
31; 2292.90; 2278.98; 2240.16;
5; 31.00;
0; 09; 14:30:00; 20.04.2008; 3GC9,5;
1; 829.03; 822.99; 718.76; 23.8819; 23.5680; 23.3651;
2; 929.61; 924.30; 916.73; 41.5319; 38.7289; 35.8473; 48.8464; 48.2236; 47.8128; 337.488; 321.526; 304.573; 7.5630; 7.2032; 6.5034; 2430.98; 2315.91; 2174.15;
21; 58.0689; 57.4717; 56.9558; 289.047; 275.947; 263.782; 9.5509; 9.0823; 8.5418; 2644.15; 2506.16; 2452.32;
3; 2484.91; 2459.41; 2329.83;
31; 2279.19; 2259.98; 2223.28;
5; 31.00;
0; 09; 14:40:00; 20.04.2008; 3GC9,5;
1; 820.24; 814.52; 806.03; 24.1601; 23.9943; 23.7229;
2; 919.95; 912.99; 903.05; 42.4860; 39.6478; 36.4436; 49.2836; 48.9498; 48.3296; 332.240; 319.227; 303.937; 7.4419; 7.1561; 6.7591; 2383.75; 2284.35; 2233.81;
21; 58.6254; 58.0505; 57.0353; 420.514; 276.996; 261.755; 9.4433; 8.9194; 0.0217; 3754.82; 2463.70; 9.09;
3; 2442.71; 2427.29; 2385.74;
31; 2246.49; 2222.09; -24.86;
5; 46.00;
0; 09; 14:50:00; 20.04.2008; 3GC9,5;
1; 810.09; 802.54; 793.18; 23.7626; 23.5579; 23.4446;
2; 907.88; 898.46; 886.56; 38.9878; 36.9849; 35.5293; 48.3693; 47.7531; 47.3358; 408.406; 320.811; 248.760; 7.6101; 7.0556; 0.0250; 2906.30; 2261.61; 10.21;
21; 57.0751; 56.1573; 55.4850; 292.010; 278.291; 264.094; 9.3289; 8.8597; 8.3064; 2596.37; 2465.44; 2399.86;
3; 2437.43; 2404.08; -6.92;
31; 2247.54; 2224.39; 2187.41;
5; 47.00;
0; 09; 15:00:00; 20.04.2008; 3GC9,5;
1; 800.62; 791.39; 786.41; 23.8819; 23.6886; 23.4048;
2; 896.21; 884.54; 877.71; 38.5107; 36.6068; 34.3765; 47.3358; 46.7074; 46.0239; 338.283; 324.051; 308.548; 7.2199; 6.9368; 6.5169; 2352.47; 2247.79; 2161.47;
21; 55.8030; 54.7847; 53.9347; 291.854; 278.384; 263.626; 9.2482; 8.7878; 8.2828; 2559.22; 2446.26; 2352.25;
3; 2410.01; 2389.75; 2342.49;
31; 2221.17; 2207.80; 2177.91;
5; 46.00;
0; 09; 15:10:00; 20.04.2008; 3GC9,5;
1; 790.47; 781.17; 769.50; 23.5639; 23.4488; 23.3253;
2; 884.95; 870.78; 854.37; 36.8809; 35.4404; 34.3367; 46.0637; 45.5881; 45.0301; 340.827; 325.573; 310.615; 7.1425; 6.8431; 6.3319; 2354.12; 2227.84; 2151.45;
21; 54.0142; 53.5109; 53.0999; 294.505; 281.120; 267.681; 9.1204; 8.6083; 8.0776; 2556.56; 2419.88; 2314.40;
3; 2398.40; 2368.16; 2290.79;
31; 2210.62; 2183.73; 2140.99;
5; 46.00;
0; 09; 15:20:00; 20.04.2008; 3GC9,5;
1; 772.21; 763.19; 749.88; 23.5241; 23.3639; 23.1266;
2; 857.99; 846.75; 829.42; 36.6026; 35.3597; 34.3367; 45.0301; 44.3579; 43.8773; 410.950; 327.216; 250.669; 7.0853; 6.6315; 0.0250; 2330.19; 2168.52; 10.28;
21; 53.1794; 52.6652; 52.2253; 423.789; 285.469; 262.379; 8.9354; 8.2576; 0.0217; 3618.86; 2350.44; 7.30;
3; 2342.49; 2306.85; -6.92;
31; 2163.14; 2122.17; -24.86;
5; 47.00;
0; 09; 15:30:00; 20.04.2008; 3GC9,5;
1; 752.59; 744.11; 735.00; 23.1663; 22.9194; 22.8086;
2; 831.84; 820.70; 808.90; 35.7678; 34.0916; 33.1044; 43.9171; 43.3542; 43.0425; 346.551; 328.641; 312.523; 6.7658; 6.4616; 5.8744; 2215.73; 2123.40; 2017.92;
21; 52.7023; 51.6321; 50.6750; 300.587; 286.598; 271.580; 8.4644; 8.0754; 7.6134; 2429.03; 2314.32; 2237.70;
3; 2281.30; 2260.05; 2169.47;
31; 2106.18; 2090.40; 2052.37;
5; 46.00;
0; 09; 15:40:00; 20.04.2008; 3GC9,5;
1; 735.00; 726.46; 714.70; 23.1663; 23.0064; 22.7688;
2; 809.71; 798.02; 783.15; 37.0399; 35.4175; 32.9852; 43.0823; 42.9751; 42.6052; 342.735; 327.617; 310.615; 6.5707; 6.3100; 5.8912; 2172.46; 2067.21; 1982.31;
21; 50.9532; 50.6373; 50.3569; 298.716; 285.545; 272.672; 8.2963; 7.9053; 7.4251; 2378.75; 2257.22; 2161.90;
3; 2233.83; 2202.89; 2148.37;
31; 2069.25; 2041.29; 1999.62;
5; 47.00;
0; 09; 15:50:00; 20.04.2008; 3GC9,5;
1; 716.06; 705.34; 695.08; 22.8483; 22.5524; 22.3713;
2; 785.57; 769.83; 756.20; 34.2970; 31.8444; 30.6795; 42.6450; 41.4807; 40.6971; 347.823; 329.499; 310.456; 6.4631; 6.1320; 5.6390; 2130.61; 2020.25; 1959.57;
21; 50.4364; 49.1904; 48.5283; 427.688; 288.474; 261.599; 8.2660; 7.6332; 0.0217; 3234.85; 2196.62; 7.33;
3; 2183.19; 2156.40; 2093.52;
31; 2026.00; 1988.93; -25.91;
5; 46.00;
0; 09; 16:00:00; 20.04.2008; 3GC9,5;
1; 696.44; 684.30; 669.38; 22.9278; 22.7656; 22.5700;
2; 757.80; 742.74; 724.81; 34.6945; 33.3886; 32.3491; 40.9754; 40.7789; 40.6574; 413.017; 333.489; 246.216; 6.3823; 5.8173; 0.0250; 2429.47; 1938.28; 10.33;
21; 49.1246; 48.5662; 48.2103; 306.513; 288.912; 273.140; 7.8926; 7.3899; 6.7557; 2261.64; 2134.72; 2064.39;
3; 2119.89; 2070.10; -6.92;
31; 1966.92; 1934.37; 1875.14;
5; 31.00;
0; 09; 16:10:00; 20.04.2008; 3GC9,5;
1; 670.05; 656.54; 640.96; 22.9676; 22.8681; 22.7688;
2; 726.02; 709.61; 691.42; 35.4896; 33.5906; 32.5081; 40.8959; 40.6389; 40.4586; 350.049; 333.152; 317.134; 5.8845; 5.5943; 5.0941; 1965.96; 1863.69; 1774.26;
21; 48.5681; 47.7227; 46.8190; 306.201; 289.214; 274.075; 7.5361; 7.0980; 6.5909; 2188.85; 2052.75; 1900.59;
3; 2031.27; 1992.46; 1906.79;
31; 1895.18; 1860.82; 1797.07;
5; 31.00;
0; 09; 16:20:00; 20.04.2008; 3GC9,5;
1; 641.64; 631.03; 611.19; 22.9676; 22.8310; 22.6495;
2; 693.03; 678.71; 655.21; 34.9728; 33.0761; 31.3951; 40.6971; 40.4579; 39.8623; 351.004; 332.343; 316.021; 5.6827; 5.3775; 4.8317; 1904.00; 1787.05; 1690.56;
21; 47.4948; 46.9614; 45.9444; 305.577; 290.247; 274.387; 7.2636; 6.8077; 6.3285; 2113.12; 1975.84; 1910.54;
3; 1950.04; 1912.21; 1815.00;
31; 1825.55; 1792.23; 1744.32;
5; 47.00;
0; 09; 16:30:00; 20.04.2008; 3GC9,5;
1; 611.87; 602.56; 590.90; 23.1266; 22.8799; 22.7291;
2; 655.61; 643.57; 628.65; 34.5753; 32.7710; 30.7193; 40.0213; 39.7052; 38.9480; 412.381; 332.714; 244.467; 5.4641; 5.1033; 0.0217; 1880.58; 1696.90; 8.88;
21; 46.1829; 45.6036; 44.4736; 424.568; 293.466; 254.269; 7.2569; 6.4198; 0.0217; 2787.66; 1879.88; 7.27;
3; 1857.20; 1817.43; -6.92;
31; 1747.49; 1705.88; -25.91;
5; 31.00;
0; 09; 16:40:00; 20.04.2008; 3GC9,5;
1; 590.90; 575.30; 558.43; 22.8086; 22.6660; 22.4508;
2; 629.05; 610.26; 590.43; 32.7466; 31.0263; 29.6062; 38.9878; 38.5010; 37.9940; 353.548; 335.856; 317.453; 5.1512; 4.8415; 4.4045; 1733.72; 1625.97; 1538.78;
21; 44.7519; 44.3014; 43.5990; 311.036; 294.023; 278.442; 6.5943; 6.1465; 5.5919; 1944.66; 1806.98; 1730.55;
3; 1790.74; 1741.96; 1659.92;
31; 1687.35; 1640.77; 1574.47;
5; 47.00;
0; 09; 16:50:00; 20.04.2008; 3GC9,5;
1; 559.10; 543.22; 531.37; 22.9278; 22.6842; 22.4905;
2; 590.83; 571.84; 556.63; 32.8261; 31.1447; 29.8447; 38.0337; 37.7335; 37.3977; 354.025; 337.125; 318.248; 4.8620; 4.5360; 4.1051; 1639.32; 1529.05; 1447.45;
21; 43.7183; 43.2965; 42.8040; 312.907; 295.613; 278.286; 6.1805; 5.7759; 5.2891; 1820.23; 1707.17; 1628.96;
3; 1692.63; 1639.14; 1557.59;
31; 1597.68; 1551.00; 1499.57;
5; 47.00;
0; 09; 17:00:00; 20.04.2008; 3GC9,5;
1; 531.37; 514.27; 496.19; 23.0868; 22.9418; 22.7291;
2; 556.63; 537.19; 516.39; 32.8261; 31.5182; 30.0832; 37.4772; 36.9860; 36.3244; 353.548; 336.778; 318.884; 4.5559; 4.2826; 3.8529; 1542.94; 1442.14; 1311.32;
21; 42.9630; 42.3957; 41.4922; 424.568; 299.226; 250.215; 6.0561; 5.3736; 0.0183; 2091.27; 1605.17; 6.73;
3; 1597.68; 1546.73; 1457.37;
31; 1514.34; 1458.19; -26.97;
5; 47.00;
0; 09; 17:10:00; 20.04.2008; 3GC9,5;
1; 496.19; 480.99; 463.04; 22.8483; 22.7288; 22.5700;
2; 516.80; 498.83; 477.77; 31.4348; 29.9862; 28.5329; 36.3641; 35.9754; 35.2908; 411.268; 334.593; 240.492; 4.4011; 4.0063; 0.0250; 1603.23; 1339.16; 10.28;
21; 41.5717; 41.0247; 40.0611; 319.145; 301.071; 283.276; 5.4203; 5.0064; 4.4785; 1625.05; 1506.98; 1423.01;
3; 1493.24; 1437.14; -7.98;
31; 1413.06; 1369.32; 1295.96;
5; 47.00;
0; 09; 17:20:00; 20.04.2008; 3GC9,5;
1; 463.71; 446.01; 428.53; 22.8483; 22.7040; 22.5700;
2; 478.17; 457.73; 437.13; 30.3615; 29.5225; 28.7317; 35.2908; 34.6716; 34.2175; 356.092; 338.871; 319.679; 3.9639; 3.6649; 3.2676; 1353.82; 1241.83; 1157.33;
21; 40.0611; 39.2171; 38.6697; 320.237; 305.164; 288.891; 4.9393; 4.5644; 4.1556; 1503.19; 1392.72; 1318.46;
3; 1391.96; 1332.16; 1245.32;
31; 1320.23; 1264.94; 1204.18;
5; 47.00;
0; 09; 17:30:00; 20.04.2008; 3GC9,5;
1; 429.21; 412.61; 395.38; 23.0868; 22.9438; 22.8086;
2; 437.13; 417.68; 396.90; 29.9640; 29.3166; 27.7378; 34.2175; 33.8904; 33.2634; 360.544; 341.762; 322.859; 3.5939; 3.3163; 2.8841; 1224.13; 1133.18; 1036.19;
21; 38.7095; 38.2706; 37.1592; 423.165; 304.963; 247.719; 4.5828; 4.1799; 0.0217; 1711.22; 1272.78; 7.15;
3; 1273.81; 1214.71; 1111.34;
31; 1211.56; 1155.21; -29.08;
5; 31.00;
0; 09; 17:40:00; 20.04.2008; 3GC9,5;
1; 395.38; 380.87; 362.91; 23.0073; 22.7942; 22.4110;
2; 396.90; 378.72; 357.46; 28.9702; 27.9890; 26.2670; 33.2634; 32.6565; 31.7926; 410.632; 339.556; 239.379; 3.2340; 3.0308; 0.0217; 1221.68; 1028.50; 8.89;
21; 37.1989; 36.3492; 35.0125; 319.301; 303.285; 287.643; 4.1556; 3.8615; 3.4829; 1264.67; 1171.00; 1094.59;
3; 1160.93; 1101.63; -7.98;
31; 1112.40; 1065.50; 998.46;
5; 47.00;
0; 09; 17:50:00; 20.04.2008; 3GC9,5;
1; 363.59; 347.64; 331.79; 22.4905; 22.3902; 22.2918;
2; 357.46; 337.83; 318.03; 27.1813; 26.7369; 26.2670; 31.8323; 31.1376; 30.5603; 361.498; 342.443; 320.951; 2.9649; 2.7008; 2.3493; 1020.22; 924.69; 833.62;
21; 35.0125; 34.0909; 33.2237; 324.604; 309.174; 292.789; 3.7049; 3.3974; 3.0658; 1146.57; 1050.25; 990.23;
3; 1049.10; 988.31; 900.35;
31; 1018.51; 957.48; 896.13;
5; 47.00;
0; 09; 18:00:00; 20.04.2008; 3GC9,5;
1; 332.47; 319.96; 303.38; 22.4508; 22.3428; 22.2520;
2; 318.44; 301.88; 281.82; 27.0621; 26.3402; 25.7105; 30.6000; 30.0708; 29.5665; 364.201; 344.728; 327.470; 2.6016; 2.3922; 1.9961; 903.99; 824.51; 722.24;
21; 33.2634; 32.7177; 32.1901; 328.658; 311.905; 295.597; 3.3349; 3.0126; 2.6756; 1041.42; 939.65; 875.06;
3; 928.83; 878.48; 761.09;
31; 907.73; 854.75; 799.07;
5; 47.00;
0; 09; 18:10:00; 20.04.2008; 3GC9,5;
1; 304.05; 288.08; 269.55; 22.4110; 22.3268; 22.2520;
2; 281.82; 262.86; 241.59; 26.1875; 25.7118; 25.1142; 29.6062; 29.0965; 28.4931; 365.632; 344.718; 327.152; 2.2450; 2.0752; 1.7943; 778.17; 715.46; 646.93;
21; 32.2299; 31.4615; 30.6398; 418.330; 316.052; 246.160; 3.0792; 2.5880; 0.0183; 1132.64; 816.22; 6.97;
3; 814.90; 758.57; 681.97;
31; 806.46; 738.72; -29.08;
5; 47.00;
0; 09; 18:20:00; 20.04.2008; 3GC9,5;
1; 270.23; 254.20; 238.43; 22.4110; 22.2507; 22.0533;
2; 241.99; 223.78; 205.38; 25.9887; 25.1795; 24.2794; 28.5329; 28.0191; 27.2608; 406.657; 341.959; 235.722; 2.0769; 1.7659; 0.0217; 731.88; 603.03; 8.81;
21; 30.6795; 29.9028; 28.7317; 336.768; 317.401; 299.963; 2.4233; 2.2110; 1.9524; 768.10; 701.79; 643.95;
3; 695.69; 634.50; -7.98;
31; 675.64; 631.00; 566.98;
5; 46.00;
0; 09; 18:30:00; 20.04.2008; 3GC9,5;
1; 238.43; 220.97; 202.58; 22.0930; 22.0024; 21.8943;
2; 205.78; 186.72; 167.15; 24.4782; 24.0674; 23.6831; 27.2608; 26.6320; 25.9887; 362.452; 343.638; 324.290; 1.6497; 1.4641; 1.1518; 563.56; 502.96; 416.02;
21; 28.7317; 28.0103; 27.3006; 335.988; 318.899; 301.211; 2.1509; 1.8439; 1.5622; 675.33; 587.88; 520.50;
3; 583.86; 523.20; 425.61;
31; 578.58; 525.33; 449.88;
5; 47.00;
0; 09; 18:40:00; 20.04.2008; 3GC9,5;
1; 202.58; 191.24; 176.19; 21.9738; 21.9197; 21.8545;
2; 167.15; 154.54; 138.99; 23.9216; 23.5769; 23.3253; 26.0285; 25.4855; 24.9552; 363.406; 344.839; 323.654; 1.3099; 1.1904; 1.0139; 454.17; 410.57; 354.92;
21; 27.3006; 26.6263; 25.8695; 409.597; 318.438; 239.142; 1.7371; 1.5318; 0.0183; 546.88; 487.17; 6.67;
3; 459.37; 419.85; 361.26;
31; 473.09; 431.91; -30.13;
5; 31.00;
0; 09; 18:50:00; 20.04.2008; 3GC9,5;
1; 176.87; 161.87; 146.43; 21.8943; 21.7954; 21.6955;
2; 138.99; 124.83; 110.02; 23.3253; 22.9832; 22.5303; 24.9949; 24.4677; 23.9216; 398.070; 338.059; 208.849; 1.1115; 0.9647; 0.0250; 382.53; 326.03; 9.94;
21; 25.8695; 25.1197; 24.3589; 337.236; 317.780; 302.770; 1.3974; 1.2455; 1.0711; 446.41; 395.92; 350.77;
3; 372.87; 325.19; -9.03;
31; 390.80; 345.43; 302.18;
5; 31.00;
0; 09; 19:00:00; 20.04.2008; 3GC9,5;
1; 147.10; 132.99; 117.33; 21.7352; 21.6152; 21.4967;
2; 110.02; 97.27; 83.46; 22.5700; 22.2462; 21.8943; 23.9216; 23.4390; 22.8881; 356.092; 336.240; 316.498; 0.8558; 0.7452; 0.5699; 289.25; 250.61; 198.96;
21; 24.3987; 23.7205; 23.0073; 328.814; 313.918; 297.780; 1.1720; 0.9879; 0.8188; 367.68; 310.03; 265.43;
3; 282.14; 246.13; 186.14;
31; 309.57; 263.86; 217.79;
5; 47.00;
0; 09; 19:10:00; 20.04.2008; 3GC9,5;
1; 117.33; 104.46; 90.95; 21.5365; 21.4486; 21.3775;
2; 83.87; 73.07; 62.14; 21.9738; 21.6827; 21.4172; 22.9278; 22.4605; 21.9738; 355.774; 337.154; 316.657; 0.6675; 0.5381; 0.3950; 221.34; 181.33; 140.10;
21; 23.0471; 22.4557; 21.8147; 328.814; 310.850; 292.322; 0.8760; 0.7488; 0.6170; 274.56; 232.86; 198.08;
3; 213.57; 170.97; 110.18;
31; 225.17; 190.30; 155.54;
5; 47.00;
0; 09; 19:20:00; 20.04.2008; 3GC9,5;
1; 90.95; 79.59; 67.27; 21.4172; 21.3491; 21.2582;
2; 62.54; 54.10; 45.64; 21.4570; 21.2499; 20.9799; 22.0135; 21.6238; 21.2185; 355.774; 331.893; 315.544; 0.4657; 0.3902; 0.3277; 155.60; 129.57; 107.75;
21; 21.8545; 21.3566; 20.8209; 390.103; 307.703; 204.209; 0.7617; 0.5576; 0.0183; 223.34; 171.40; 5.11;
3; 141.83; 113.38; 78.53;
31; 271.59; 131.80; -18.53;
5; 31.00;
0; 09; 19:30:00; 20.04.2008; 3GC9,5;
1; 67.95; 57.11; 43.59; 21.2980; 21.1932; 21.0992;
2; 46.04; 39.21; 32.36; 21.0197; 20.7769; 20.4234; 21.2582; 20.8741; 20.4632; 371.675; 331.118; 328.583; 0.3277; 0.2590; 0.0183; 107.80; 85.21; 6.78;
21; 20.8607; 20.3721; 19.8271; 306.201; 305.937; 288.423; 0.5094; 0.3968; 0.3210; 155.58; 121.40; 98.20;
3; 88.02; 66.08; -1.65;
31; 114.40; 84.07; 58.49;
5; 47.00;
0; 09; 19:40:00; 20.04.2008; 3GC9,5;
1; 43.59; 33.22; 26.00; 21.1390; 21.0179; 20.9004;
2; 32.36; 27.49; 22.31; 20.4632; 20.1420; 19.8271; 20.5029; 20.1530; 19.7476; 371.039; 360.609; 185.634; 0.2403; 0.0438; 0.0183; 67.38; 15.13; 6.00;
21; 19.8669; 19.3718; 18.8731; 367.178; 328.651; 305.733; 0.3210; 0.1829; 0.0149; 98.25; 56.35; 5.25;
3; 45.83; -0.19; -9.03;
31; 64.82; 31.52; -5.87;
5; 46.00;
0; 09; 19:50:00; 20.04.2008; 3GC9,5;
1; 26.68; 19.95; 13.15; 20.9402; 20.8029; 20.6222;
2; 22.31; 17.60; 12.65; 19.8669; 19.4990; 19.1911; 19.7874; 19.4102; 18.9923; 360.226; 340.652; 164.167; 0.1966; 0.0406; 0.0183; 51.77; 12.76; 5.76;
21; 18.8731; 18.4093; 17.8793; 359.225; 332.431; 187.054; 0.2605; 0.0738; 0.0149; 73.14; 23.23; 4.05;
3; 133.39; -0.36; -10.09;
31; 159.76; -4.74; -34.35;
5; 47.00;
0; 09; 20:00:00; 20.04.2008; 3GC9,5;
1; 13.83; 9.10; 4.36; 20.6619; 20.4898; 20.2247;
2; 12.65; 8.99; 5.41; 19.2308; 19.0376; 18.7936; 18.9923; 18.6172; 18.1973; 341.622; 316.760; 204.556; 0.1091; 0.0246; 0.0183; 25.64; 7.57; 5.19;
21; 17.9190; 17.4527; 17.0047; 339.263; 318.170; 166.625; 0.1663; 0.0288; 0.0149; 39.85; 8.52; 4.67;
3; -0.59; -0.66; -1.65;
31; 59.54; -5.25; -34.35;
5; 31.00;
0; 09; 20:10:00; 20.04.2008; 3GC9,5;
1; 5.03; 1.32; -1.73; 20.2644; 20.0368; 19.7874;
2; 5.41; 2.98; 0.98; 18.8333; 18.3049; 17.6805; 18.2370; 17.8317; 17.3625; 285.651; 227.416; 133.797; 0.0385; 0.0202; 0.0048; 7.14; 4.55; 1.05;
21; 17.0047; 16.6337; 16.1302; 306.045; 266.204; 135.278; 0.0519; 0.0211; 0.0183; 11.67; 5.50; 3.84;
3; 0.46; -0.67; -1.65;
31; -4.81; -5.24; -5.87;
5; 47.00;
0; 09; 20:20:00; 20.04.2008; 3GC9,5;
1; -1.73; -2.11; -2.41; 19.8271; 19.6542; 19.4694;
2; 1.38; -0.01; -1.03; 17.6805; 17.1267; 16.7662; 17.4022; 16.9520; 16.4879; 216.005; 159.543; 94.521; 0.0082; 0.0069; 0.0048; 1.77; 1.10; 0.46;
21; 16.1699; 15.6517; 15.1761; 229.473; 209.222; 134.655; 0.0284; 0.0073; -0.0019; 4.84; 1.41; -0.42;
3; -0.59; -0.70; -1.65;
31; -4.81; -5.25; -5.87;
5; 47.00;
0; 09; 20:30:00; 20.04.2008; 3GC9,5;
1; -1.73; -2.14; -2.41; 19.5091; 19.3968; 19.1911;
2; -0.63; -1.18; -1.84; 17.2035; 16.7640; 16.2494; 16.5277; 16.2382; 15.8519; 94.362; 50.346; 15.971; 0.0082; 0.0068; 0.0048; 0.77; 0.34; 0.08;
21; 15.2159; 14.9379; 14.6196; 187.834; 122.580; 55.587; 0.0015; -0.0005; -0.0019; 0.28; -0.06; -0.35;
3; -0.59; -0.79; -1.65;
31; -4.81; -5.49; -6.92;
5; 46.00;
0; 09; 20:40:00; 20.04.2008; 3GC9,5;
1; -1.73; -2.17; -2.41; 19.1911; 18.7936; 18.1973;
2; -1.03; -1.43; -1.84; 16.2892; 16.0162; 15.7326; 15.8916; 15.5682; 15.2556; 15.971; 7.077; 2.296; 0.0082; 0.0069; 0.0048; 0.13; 0.05; 0.01;
21; 14.6593; 14.4266; 14.2220; 55.431; 27.257; 9.270; 0.0015; -0.0004; -0.0019; 0.08; -0.01; -0.10;
3; 0.46; -0.61; -1.65;
31; -4.81; -5.08; -5.87;
5; 47.00;
0; 09; 20:50:00; 20.04.2008; 3GC9,5;
1; -1.73; -2.15; -2.41; 18.2370; 17.8274; 17.5215;
2; -1.03; -1.42; -1.84; 15.8121; 15.6318; 15.4146; 15.2954; 15.1044; 14.8978; 2.296; 1.224; 0.547; 0.0082; 0.0069; 0.0048; 0.02; 0.01; 0.00;
21; 14.3016; 14.2160; 14.1028; 9.270; 4.544; 1.784; 0.0015; -0.0004; -0.0019; 0.01; 0.00; -0.02;
3; 0.46; -0.69; -1.65;
31; -3.76; -5.33; -5.87;
5; 47.00;
0; 09; 21:00:00; 20.04.2008; 3GC9,5;
1; -1.73; -2.17; -2.41; 17.5215; 17.3145; 17.0445;
2; -1.03; -1.38; -1.84; 15.4544; 15.2297; 15.0568; 14.9376; 14.7301; 14.5401; 0.706; 0.456; 0.229; 0.0082; 0.0070; 0.0048; 0.01; 0.00; 0.00;
21; 14.1425; 13.9843; 13.7848; 1.940; 1.224; 0.848; 0.0015; -0.0001; -0.0019; 0.00; 0.00; 0.00;
3; -0.59; -0.73; -1.65;
31; -4.81; -5.35; -5.87;
5; 47.00;
0; 09; 21:10:00; 20.04.2008; 3GC9,5;
1; -1.73; -2.18; -3.09; 17.0842; 16.7917; 16.5674;
2; -1.03; -1.31; -1.84; 15.0966; 14.8797; 14.6991; 14.5798; 14.3685; 14.1823; 0.388; 0.372; 0.229; 0.0082; 0.0072; 0.0048; 0.00; 0.00; 0.00;
21; 13.8245; 13.7059; 13.5860; 0.848; 0.730; 0.536; 0.0015; -0.0002; -0.0019; 0.00; 0.00; 0.00;
3; -0.59; -0.76; -1.65;
31; -4.81; -5.53; -5.87;
5; 46.00;
0; 09; 21:20:00; 20.04.2008; 3GC9,5;
1; -1.73; -2.20; -3.09; 16.6072; 16.4171; 16.2494;
2; -1.03; -1.25; -1.43; 14.7388; 14.6293; 14.4606; 14.2220; 14.0755; 13.9438; 0.388; 0.357; 0.229; 0.0082; 0.0070; 0.0048; 0.00; 0.00; 0.00;
21; 13.6258; 13.5140; 13.3872; 0.692; 0.566; 0.536; 0.0015; -0.0002; -0.0019; 0.00; 0.00; 0.00;
3; -0.59; -0.75; -1.65;
31; -4.81; -5.44; -5.87;
5; 47.00;
0; 09; 21:30:00; 20.04.2008; 3GC9,5;
1; -1.73; -2.20; -2.41; 16.2892; 16.1388; 15.9712;
2; -1.03; -1.16; -1.43; 14.5003; 14.2686; 14.1028; 13.9835; 13.7968; 13.6258; 0.388; 0.364; 0.229; 0.0082; 0.0070; 0.0048; 0.00; 0.00; 0.00;
21; 13.4270; 13.2322; 13.1487; 0.692; 0.544; 0.536; 0.0015; -0.0001; -0.0019; 0.00; 0.00; 0.00;
3; -0.59; -0.79; -1.65;
31; -4.81; -5.41; -5.87;
5; 46.00;
0; 09; 21:40:00; 20.04.2008; 3GC9,5;
1; -1.73; -2.19; -2.41; 16.0109; 15.8304; 15.6531;
2; -0.63; -1.11; -1.43; 14.1425; 13.9641; 13.7848; 13.6655; 13.5085; 13.3077; 0.388; 0.376; 0.229; 0.0082; 0.0071; 0.0048; 0.00; 0.00; 0.00;
21; 13.1885; 12.9991; 12.7910; 0.692; 0.561; 0.536; 0.0015; -0.0001; -0.0019; 0.00; 0.00; 0.00;
3; -0.59; -0.77; -1.65;
31; -4.81; -5.33; -5.87;
5; 46.00;
0; 09; 21:50:00; 20.04.2008; 3GC9,5;
1; -1.73; -2.21; -2.41; 15.6929; 15.5609; 15.4146;
2; -0.63; -1.07; -1.43; 13.8245; 13.6695; 13.5860; 13.3475; 13.2073; 13.0692; 0.388; 0.382; 0.229; 0.0082; 0.0071; 0.0048; 0.00; 0.00; 0.00;
21; 12.8307; 12.7130; 12.6320; 0.692; 0.614; 0.536; 0.0015; -0.0002; -0.0019; 0.00; 0.00; 0.00;
3; -0.59; -0.70; -1.65;
31; -4.81; -5.32; -5.87;
5; 31.00;
0; 09; 22:00:00; 20.04.2008; 3GC9,5;
1; -1.73; -2.21; -2.41; 15.4544; 15.3489; 15.1364;
2; -0.63; -1.05; -1.43; 13.7450; 13.5818; 13.3077; 13.1090; 13.0297; 12.9102; 0.547; 0.385; 0.229; 0.0082; 0.0071; 0.0048; 0.00; 0.00; 0.00;
21; 12.6717; 12.5888; 12.4332; 0.692; 0.666; 0.536; 0.0015; -0.0002; -0.0019; 0.00; 0.00; 0.00;
3; -0.59; -0.66; -1.65;
31; -4.81; -5.27; -5.87;
5; 47.00;
0; 09; 22:10:00; 20.04.2008; 3GC9,5;
1; -1.73; -2.23; -2.41; 15.1761; 15.0455; 14.9376;
2; -0.63; -1.02; -1.43; 13.4270; 13.3446; 13.2680; 12.9500; 12.8353; 12.7512; 0.547; 0.388; 0.229; 0.0082; 0.0071; 0.0048; 0.00; 0.00; 0.00;
21; 12.4332; 12.3236; 12.1947; 0.848; 0.693; 0.536; 0.0015; -0.0002; -0.0019; 0.00; 0.00; 0.00;
3; -0.59; -0.67; -1.65;
31; -4.81; -5.18; -5.87;
5; 46.00;
0; 09; 22:20:00; 20.04.2008; 3GC9,5;
1; -1.73; -2.23; -2.41; 14.9773; 14.8553; 14.7388;
2; -0.63; -1.01; -1.43; 13.3475; 13.1017; 12.8705; 12.7910; 12.6608; 12.4729; 0.547; 0.389; 0.229; 0.0082; 0.0070; 0.0048; 0.00; 0.00; 0.00;
21; 12.2344; 12.0506; 11.8369; 0.848; 0.698; 0.692; 0.0015; -0.0003; -0.0019; 0.00; 0.00; 0.00;
3; 0.46; -0.67; -1.65;
31; -4.81; -5.28; -5.87;
5; 31.00;
0; 09; 22:30:00; 20.04.2008; 3GC9,5;
1; -1.73; -2.23; -3.09; 14.7786; 14.6430; 14.5401;
2; -0.63; -0.97; -1.43; 12.9500; 12.8055; 12.7115; 12.5127; 12.3529; 12.2742; 0.547; 0.391; 0.388; 0.0082; 0.0070; 0.0048; 0.00; 0.00; 0.00;
21; 11.8767; 11.7369; 11.6381; 0.848; 0.737; 0.692; 0.0015; -0.0002; -0.0019; 0.00; 0.00; 0.00;
3; -0.59; -0.65; -1.65;
31; -4.81; -5.20; -5.87;
5; 31.00;
0; 09; 22:40:00; 20.04.2008; 3GC9,5;
1; -1.73; -2.22; -2.41; 14.5798; 14.4701; 14.3811;
2; -0.63; -0.95; -1.43; 12.7910; 12.6372; 12.5127; 12.2742; 12.1495; 12.0357; 0.547; 0.397; 0.388; 0.0082; 0.0070; 0.0048; 0.00; 0.00; 0.00;
21; 11.6779; 11.5845; 11.5189; 0.848; 0.812; 0.692; 0.0015; -0.0002; -0.0019; 0.00; 0.00; 0.00;
3; -0.59; -0.65; -1.65;
31; -4.81; -5.25; -5.87;
5; 31.00;
0; 09; 22:50:00; 20.04.2008; 3GC9,5;
1; -1.73; -2.22; -3.09; 14.4606; 14.3546; 14.2220;
2; -0.63; -0.90; -1.03; 12.7512; 12.5743; 12.4332; 12.1152; 12.0000; 11.8767; 0.547; 0.407; 0.388; 0.0082; 0.0071; 0.0048; 0.00; 0.00; 0.00;
21; 11.5586; 11.4716; 11.3599; 0.848; 0.846; 0.692; 0.0015; -0.0001; -0.0019; 0.00; 0.00; 0.00;
3; -0.59; -0.63; -1.65;
31; -4.81; -5.22; -5.87;
5; 47.00;
0; 09; 23:00:00; 20.04.2008; 3GC9,5;
1; -1.73; -2.24; -2.41; 14.2618; 14.2209; 14.1028;
2; -0.63; -0.86; -1.03; 12.5524; 12.4448; 12.2344; 11.9164; 11.8591; 11.7574; 0.547; 0.421; 0.388; 0.0082; 0.0071; 0.0048; 0.00; 0.00; 0.00;
21; 11.4394; 11.3631; 11.2406; 1.004; 0.856; 0.848; 0.0015; -0.0002; -0.0019; 0.00; 0.00; 0.00;
3; -0.59; -0.64; -1.65;
31; -4.81; -5.27; -6.92;
5; 47.00;
